1000 20 0.0001948 0.0001409 6.1e-05 5.68e-05 
1000 30 0.0001754 0.0001936 7.36e-05 7.24e-05 
1000 40 0.0001878 0.0002594 0.000104 9.89e-05 
1000 50 0.0001951 0.0003766 0.0001381 0.0001381 
1000 60 0.0001928 0.0004112 0.000141 0.0001429 
1000 70 0.0001926 0.0004644 0.0001708 0.0001676 
1000 80 0.0002043 0.0005697 0.0001862 0.0001833 
1000 90 0.0002011 0.000645 0.0002173 0.0002126 
1000 100 0.0002089 0.0007658 0.000234 0.0002363 
1000 110 0.0002293 0.0009298 0.0002786 0.000276 
1000 120 0.0002284 0.0008733 0.0002817 0.000279 
1000 130 0.0002122 0.0009848 0.0003068 0.0003104 
1000 140 0.0002211 0.001196 0.0003583 0.0003654 
1000 150 0.0002226 0.0011039 0.0003548 0.0003484 
1000 160 0.0002441 0.001336 0.0003969 0.0004031 
1000 170 0.0002292 0.0013648 0.0004049 0.0004157 
1000 180 0.0002353 0.0014304 0.000406 0.0004236 
1000 190 0.000242 0.0014245 0.0004668 0.0004538 
1000 200 0.0002497 0.0016844 0.0004717 0.000474 
1000 210 0.0002371 0.001643 0.00048 0.0004869 
1000 220 0.0002434 0.0017861 0.0005353 0.0005414 
1000 230 0.0002536 0.0019294 0.00059 0.0005832 
1000 240 0.000248 0.0019501 0.0005693 0.0005763 
1000 250 0.0002621 0.0020572 0.0006095 0.0006129 
1000 260 0.0002533 0.0022711 0.0006178 0.0006282 
1000 270 0.000256 0.0023828 0.0006872 0.0006768 
1000 280 0.000266 0.0024689 0.0007049 0.0007236 
1000 290 0.0002868 0.0024024 0.0006983 0.0007048 
1000 300 0.0002666 0.0025772 0.0007357 0.0007576 
1000 310 0.000274 0.0025269 0.0007925 0.0007969 
1000 320 0.0002649 0.0025521 0.0007832 0.0007911 
1000 330 0.0002679 0.0027999 0.0008191 0.0008232 
1000 340 0.0002727 0.0030669 0.0008514 0.0008528 
1000 350 0.0002698 0.0028619 0.0007982 0.0008007 
1000 360 0.0002784 0.0031857 0.0008947 0.0009291 
1000 370 0.0002776 0.0032192 0.0008749 0.0008969 
1000 380 0.0002961 0.0030919 0.000912 0.0009385 
1000 390 0.0002767 0.0033322 0.0009391 0.0009647 
1000 400 0.0003005 0.0033935 0.0010217 0.0010613 
1000 410 0.0002748 0.0035357 0.0009829 0.0010015 
1000 420 0.0002882 0.0034888 0.0010167 0.0010345 
1000 430 0.0002864 0.0035683 0.0010943 0.0010823 
1000 440 0.000277 0.003747 0.0010669 0.001085 
1000 450 0.0002896 0.0039567 0.0011261 0.0011555 
1000 460 0.0002905 0.0041543 0.0011379 0.0011567 
1000 470 0.0002933 0.0039658 0.0011189 0.0011358 
1000 480 0.0002887 0.0041859 0.0011473 0.0011722 
1000 490 0.0002892 0.0043668 0.0011908 0.0011994 
1000 500 0.0002824 0.0044082 0.0012517 0.0012453 
1000 510 0.0002867 0.0045367 0.0012635 0.001248 
1000 520 0.0002929 0.0045958 0.0012889 0.0012891 
1000 530 0.0003323 0.005574 0.0015369 0.0015524 
1000 540 0.0003441 0.005364 0.0014168 0.001457 
1000 550 0.0002959 0.0046199 0.0013914 0.001397 
1000 560 0.0002984 0.00521 0.0013776 0.0014024 
1000 570 0.000298 0.0050333 0.0013571 0.0013723 
1000 580 0.0003186 0.0048595 0.0013993 0.0014452 
1000 590 0.0002965 0.0054322 0.0014104 0.0014425 
1000 600 0.0003023 0.0050738 0.0014391 0.00147 
1000 610 0.0002948 0.0053505 0.001451 0.0014732 
1000 620 0.0002979 0.005234 0.0015105 0.0015173 
1000 630 0.0003029 0.0050416 0.0014833 0.0014745 
1000 640 0.000308 0.0059649 0.0015649 0.0015828 
1000 650 0.0003016 0.0062276 0.0015717 0.0016071 
1000 660 0.0003077 0.005612 0.0015755 0.001615 
1000 670 0.0003012 0.0060372 0.00164 0.0016645 
1000 680 0.0002998 0.0058606 0.0016614 0.0016889 
1000 690 0.0003037 0.0058024 0.0016172 0.0016371 
1000 700 0.0003076 0.0056859 0.0016804 0.001697 
1000 710 0.0003066 0.0062095 0.0016556 0.0016799 
1000 720 0.0003211 0.0061676 0.001745 0.001743 
1000 730 0.0003079 0.005719 0.0017369 0.0017645 
1000 740 0.0003062 0.0064838 0.0017307 0.0017724 
1000 750 0.0003094 0.0064668 0.0018429 0.0018627 
1000 760 0.0003174 0.0062147 0.0019224 0.0019437 
1000 770 0.0003161 0.006832 0.0018729 0.0019257 
1000 780 0.0003071 0.0069644 0.0018618 0.001914 
1000 790 0.0003133 0.006665 0.0019366 0.0019657 
1000 800 0.0003155 0.0069242 0.0019317 0.0019866 
1000 810 0.0003101 0.0071124 0.0019221 0.0019767 
1000 820 0.0003074 0.0073832 0.0021244 0.002185 
1000 830 0.0003073 0.0071768 0.0020459 0.0020984 
1000 840 0.000326 0.0076868 0.0020708 0.002125 
1000 850 0.00031 0.0073924 0.0020523 0.0020994 
1000 860 0.0003147 0.0074636 0.0021621 0.0021496 
1000 870 0.0003252 0.0075017 0.0020724 0.0021696 
1000 880 0.0003129 0.0074338 0.0021716 0.0022186 
1000 890 0.0003107 0.007941 0.0021219 0.0022009 
1000 900 0.0003211 0.007788 0.0021358 0.0022 
1000 910 0.0003197 0.0073495 0.002171 0.0022307 
1000 920 0.0003137 0.0082776 0.0022639 0.0022824 
1000 930 0.0003181 0.0085069 0.0022703 0.0023065 
1000 940 0.0003209 0.0081969 0.0023055 0.002362 
1000 950 0.0003254 0.0082343 0.0022432 0.0022942 
1000 960 0.0003229 0.0081838 0.0023888 0.0024657 
1000 970 0.000313 0.0084766 0.0024362 0.0023909 
1000 980 0.0003203 0.0089052 0.0024446 0.00251 
1000 990 0.000317 0.0090411 0.0023347 0.0024 
1000 1000 0.0003106 0.0091729 0.0024055 0.0024068 
