1000000 20 0.487722 0.0004465 0.0001204 0.0001119 
1000000 40 0.487431 0.0008351 0.0002053 0.0001915 
1000000 60 0.486162 0.0014292 0.000312 0.0002973 
1000000 80 0.487932 0.0018559 0.0004346 0.0004233 
1000000 100 0.486707 0.0023384 0.000496 0.0004727 
1000000 120 0.486036 0.0028498 0.0005925 0.0005817 
1000000 140 0.489778 0.0037144 0.0007611 0.0007367 
1000000 160 0.488838 0.0039512 0.0008174 0.0007689 
1000000 180 0.488838 0.0045416 0.0009228 0.0009018 
1000000 200 0.490244 0.0048144 0.0010075 0.0009897 
1000000 220 0.489378 0.0052966 0.0011127 0.0010831 
1000000 240 0.488335 0.0057722 0.0011916 0.0011615 
1000000 260 0.487255 0.006202 0.0013364 0.0012803 
1000000 280 0.489045 0.0071142 0.0014385 0.0014053 
1000000 300 0.489257 0.0082538 0.0016116 0.0015797 
1000000 320 0.488155 0.0079097 0.0017012 0.0016656 
1000000 340 0.488121 0.0088121 0.0017608 0.0017344 
1000000 360 0.491335 0.0086117 0.0019028 0.0018829 
1000000 380 0.48951 0.0105166 0.0020411 0.0020298 
1000000 400 0.48974 0.0106553 0.0021964 0.0020829 
1000000 420 0.457653 0.0087716 0.0018432 0.0017891 
1000000 440 0.457691 0.0103377 0.0020525 0.0020194 
1000000 460 0.457857 0.0112427 0.0021289 0.0021165 
1000000 480 0.458846 0.0115896 0.0022157 0.0021303 
1000000 500 0.458746 0.0117578 0.002293 0.0022426 
1000000 520 0.459214 0.0121846 0.0023397 0.0022822 
1000000 540 0.457526 0.0122976 0.0024459 0.0024124 
1000000 560 0.457974 0.0136878 0.0026177 0.0025634 
1000000 580 0.457931 0.0134275 0.0026285 0.0025766 
1000000 600 0.454704 0.0150396 0.0028716 0.0028685 
1000000 620 0.458201 0.0152375 0.0028772 0.0028706 
1000000 640 0.458828 0.0150886 0.0029751 0.0029021 
1000000 660 0.46107 0.0158583 0.0031313 0.0030329 
1000000 680 0.461608 0.0154526 0.0031966 0.0031897 
1000000 700 0.450614 0.0173169 0.0033091 0.0032611 
1000000 720 0.462526 0.0180365 0.0035106 0.0034796 
1000000 740 0.457683 0.0180737 0.0036154 0.003659 
1000000 760 0.461176 0.0171444 0.003485 0.0034604 
1000000 780 0.470746 0.0183843 0.003596 0.0035272 
1000000 800 0.472448 0.0210737 0.0039555 0.0040562 
1000000 820 0.457438 0.019864 0.0040116 0.0039433 
1000000 840 0.462246 0.0194631 0.0038364 0.0037466 
1000000 860 0.463236 0.0205315 0.0040605 0.003982 
1000000 880 0.460839 0.0205348 0.0041716 0.0040365 
1000000 900 0.461258 0.0214769 0.0042793 0.0042669 
1000000 920 0.459864 0.0226011 0.0045605 0.004483 
1000000 940 0.459792 0.0232554 0.0045726 0.0044192 
1000000 960 0.460895 0.0235918 0.0047065 0.0046656 
1000000 980 0.462719 0.0232192 0.0046041 0.0044737 
1000000 1000 0.462666 0.0251325 0.0048056 0.0047969 
