100000 20 0.034791 0.0003097 9.4e-05 8.56e-05 
100000 40 0.0348505 0.0005691 0.0001612 0.0001498 
100000 60 0.03428 0.0008818 0.0002409 0.0002269 
100000 80 0.0345854 0.0011937 0.0003211 0.000305 
100000 100 0.0347635 0.0014522 0.0003743 0.0003573 
100000 120 0.03435 0.0017129 0.0004469 0.0004309 
100000 140 0.0345815 0.0021807 0.0005357 0.0005161 
100000 160 0.0348408 0.0024202 0.0006003 0.0005821 
100000 180 0.0353004 0.0027946 0.0007069 0.0006787 
100000 200 0.0351333 0.003006 0.0007432 0.0007183 
100000 220 0.0350037 0.0036888 0.0008501 0.000824 
100000 240 0.0354022 0.0041983 0.0009785 0.0009632 
100000 260 0.0353148 0.0043746 0.0010078 0.0009828 
100000 280 0.0399115 0.0053566 0.0012439 0.0012236 
100000 300 0.0401064 0.0060353 0.0013873 0.001362 
100000 320 0.0399989 0.0060262 0.0014024 0.0013793 
100000 340 0.0402649 0.0063027 0.0014965 0.0014615 
100000 360 0.0412385 0.0071866 0.0017096 0.0016963 
100000 380 0.0401651 0.0080894 0.001747 0.0017343 
100000 400 0.0405205 0.0079921 0.0018555 0.0018219 
100000 420 0.0403967 0.0087405 0.0019206 0.001896 
100000 440 0.0402937 0.0099376 0.0020742 0.0020717 
100000 460 0.040219 0.0096987 0.0021074 0.0020733 
100000 480 0.0406067 0.0101386 0.0022303 0.002207 
100000 500 0.0402996 0.0101605 0.0022377 0.0022165 
100000 520 0.0403506 0.0108584 0.0024549 0.0024403 
100000 540 0.0405444 0.0131173 0.0025364 0.0025604 
100000 560 0.0406595 0.0123605 0.0026295 0.002634 
100000 580 0.0407592 0.0132883 0.0026738 0.0026782 
100000 600 0.0407556 0.0122823 0.0027493 0.0027306 
100000 620 0.0407744 0.0127766 0.0028401 0.0027981 
100000 640 0.0410627 0.0134744 0.0029418 0.0029591 
100000 660 0.0408981 0.0149991 0.003214 0.0031279 
100000 680 0.0406685 0.0145477 0.003089 0.0030799 
100000 700 0.0411155 0.0151102 0.0033413 0.003332 
100000 720 0.0411756 0.0155468 0.0034163 0.0033862 
100000 740 0.041109 0.0161887 0.0034326 0.0034416 
100000 760 0.0411314 0.0158073 0.0035905 0.0035591 
100000 780 0.0411112 0.017332 0.0037481 0.0037487 
100000 800 0.0411079 0.0176348 0.0037435 0.0037052 
100000 820 0.0411588 0.0176729 0.0038435 0.0037858 
100000 840 0.041317 0.0177296 0.0038027 0.0037675 
100000 860 0.0422172 0.0205883 0.0042851 0.0042766 
100000 880 0.0413637 0.0190444 0.0039939 0.003958 
100000 900 0.0416919 0.0209513 0.004188 0.0042259 
100000 920 0.0414267 0.0210243 0.0044228 0.0044353 
100000 940 0.0418692 0.0218169 0.0047154 0.0047004 
100000 960 0.0416293 0.0204524 0.0044497 0.0044137 
100000 980 0.0421697 0.0215356 0.004767 0.0047427 
100000 1000 0.0417626 0.0230126 0.0048422 0.0047507 
