20 20 4.18e-05 0.0003217 0.0002182 0.0001906 
70 20 8.78e-05 0.0003899 0.0001922 0.0001835 
120 20 5.63e-05 0.0001738 8.86e-05 8.92e-05 
170 20 4.96e-05 0.0001191 6.19e-05 6.01e-05 
220 20 5.25e-05 0.0001088 5.2e-05 5.19e-05 
270 20 6.2e-05 9.8e-05 5.21e-05 5.24e-05 
320 20 6.11e-05 9.45e-05 4.75e-05 4.56e-05 
370 20 7.07e-05 0.0001053 4.72e-05 4.69e-05 
420 20 7.81e-05 0.0001052 5.03e-05 4.93e-05 
470 20 8.56e-05 0.0001134 4.97e-05 4.81e-05 
520 20 9.36e-05 0.0001016 4.99e-05 4.86e-05 
570 20 0.0001119 0.0001297 5.65e-05 5.47e-05 
620 20 0.0001083 0.0001224 5.25e-05 5.13e-05 
670 20 0.0001165 0.0001201 5.1e-05 4.92e-05 
720 20 0.0001251 0.0001249 5.13e-05 4.93e-05 
770 20 0.0001291 0.0001218 4.97e-05 4.82e-05 
820 20 0.0001559 0.0001287 5.7e-05 5.46e-05 
870 20 0.0001647 0.0001294 5.67e-05 5.78e-05 
920 20 0.0001575 0.0001235 5.25e-05 5.11e-05 
970 20 0.0001648 0.0001194 5.31e-05 4.97e-05 
1020 20 0.0001712 0.0001207 5.13e-05 5.07e-05 
1070 20 0.0001814 0.0001279 5.4e-05 5.22e-05 
1120 20 0.0001896 0.0001199 5.21e-05 5.16e-05 
1170 20 0.000209 0.0001553 6.25e-05 6.14e-05 
1220 20 0.000203 0.000113 5.11e-05 5.02e-05 
1270 20 0.0002181 0.0001459 5.48e-05 5.16e-05 
1320 20 0.0002204 0.0001241 5.32e-05 5.16e-05 
1370 20 0.000226 0.000126 5.22e-05 5.02e-05 
1420 20 0.0002379 0.0001397 5.58e-05 5.36e-05 
1470 20 0.0002391 0.0001203 5.12e-05 4.88e-05 
1520 20 0.0002471 0.0001378 5.4e-05 5.16e-05 
1570 20 0.0002875 0.0001368 6.12e-05 6.24e-05 
1620 20 0.0002934 0.000146 6.13e-05 5.79e-05 
1670 20 0.0002707 0.0001528 5.79e-05 5.77e-05 
1720 20 0.0002821 0.0001459 5.71e-05 5.48e-05 
1770 20 0.0002853 0.0001222 5.48e-05 5.23e-05 
1820 20 0.0002954 0.0001363 5.55e-05 5.43e-05 
1870 20 0.0003022 0.0001326 5.15e-05 4.82e-05 
1920 20 0.0003132 0.0001382 5.63e-05 5.47e-05 
1970 20 0.0003309 0.0001397 5.75e-05 5.43e-05 
2020 20 0.000327 0.0001393 5.45e-05 5.24e-05 
2070 20 0.0003389 0.0001418 5.44e-05 5.17e-05 
2120 20 0.0003867 0.000164 6.06e-05 5.62e-05 
2170 20 0.0003534 0.0001427 5.88e-05 5.47e-05 
2220 20 0.0003556 0.0001329 4.83e-05 4.66e-05 
2270 20 0.0003729 0.0001383 5.8e-05 5.56e-05 
2320 20 0.0003768 0.0001611 5.71e-05 5.45e-05 
2370 20 0.0003852 0.0001421 5.71e-05 5.56e-05 
2420 20 0.000469 0.0001613 6.65e-05 6.45e-05 
2470 20 0.0004543 0.0001724 6.46e-05 6.26e-05 
2520 20 0.0004083 0.0001452 5.51e-05 5.25e-05 
2570 20 0.0004234 0.0001486 5.76e-05 5.52e-05 
2620 20 0.000426 0.0001493 5.94e-05 5.72e-05 
2670 20 0.000429 0.0001268 5.34e-05 5.22e-05 
2720 20 0.0004391 0.00015 5.78e-05 5.66e-05 
2770 20 0.0004492 0.0001392 5.75e-05 5.65e-05 
2820 20 0.0004554 0.0001524 5.82e-05 5.61e-05 
2870 20 0.0004658 0.0001425 5.45e-05 5.22e-05 
2920 20 0.0004744 0.0001534 5.72e-05 5.61e-05 
2970 20 0.0004807 0.0001547 5.9e-05 5.61e-05 
3020 20 0.0004907 0.0001575 5.5e-05 5.21e-05 
3070 20 0.0005013 0.000159 5.74e-05 5.49e-05 
3120 20 0.0005045 0.0001679 5.97e-05 5.71e-05 
3170 20 0.000517 0.0001404 5.36e-05 5.18e-05 
3220 20 0.0005341 0.0001406 5.45e-05 5.24e-05 
3270 20 0.0005314 0.0001358 5.51e-05 5.4e-05 
3320 20 0.0005419 0.0001572 5.95e-05 5.75e-05 
3370 20 0.0005551 0.0001568 5.92e-05 5.67e-05 
3420 20 0.0005579 0.0001399 5.38e-05 5.18e-05 
3470 20 0.0005741 0.0001684 6.29e-05 5.9e-05 
3520 20 0.0005796 0.0001474 5.74e-05 5.49e-05 
3570 20 0.0005852 0.0001687 6.21e-05 6.07e-05 
3620 20 0.0005883 0.0001574 5.86e-05 5.6e-05 
3670 20 0.000597 0.000151 5.97e-05 5.74e-05 
3720 20 0.0006087 0.0001485 5.37e-05 5.12e-05 
3770 20 0.0006135 0.0001389 5.13e-05 4.9e-05 
3820 20 0.0006263 0.0001614 6.27e-05 6.12e-05 
3870 20 0.0006479 0.000151 6e-05 5.75e-05 
3920 20 0.0006372 0.0001366 5.32e-05 5.13e-05 
3970 20 0.0006517 0.0001384 5.65e-05 5.34e-05 
4020 20 0.0006631 0.0001393 5.83e-05 5.65e-05 
4070 20 0.0006681 0.000147 5.6e-05 5.36e-05 
4120 20 0.0006765 0.0001475 5.62e-05 5.42e-05 
4170 20 0.0006799 0.0001414 5.31e-05 5.15e-05 
4220 20 0.0006842 0.0001502 5.72e-05 5.46e-05 
4270 20 0.0007046 0.000165 5.85e-05 5.55e-05 
4320 20 0.0007132 0.0001547 6e-05 5.8e-05 
4370 20 0.0007187 0.0001606 5.75e-05 5.59e-05 
4420 20 0.0007251 0.0001772 6.01e-05 5.93e-05 
4470 20 0.000736 0.0001514 5.86e-05 5.62e-05 
4520 20 0.0007439 0.0001576 5.76e-05 5.57e-05 
4570 20 0.0007487 0.0001585 5.77e-05 5.55e-05 
4620 20 0.0007734 0.000158 6.33e-05 6.17e-05 
4670 20 0.0007637 0.0001529 6.07e-05 5.9e-05 
4720 20 0.0007924 0.0001682 6.46e-05 6.2e-05 
4770 20 0.0007914 0.0001564 6.06e-05 5.91e-05 
4820 20 0.0007908 0.0001623 5.67e-05 5.43e-05 
4870 20 0.0008034 0.0001647 5.87e-05 5.53e-05 
4920 20 0.0008809 0.0001994 7.11e-05 6.89e-05 
4970 20 0.0008166 0.0001437 5.86e-05 5.68e-05 
5020 20 0.000829 0.0001489 5.79e-05 5.56e-05 
5070 20 0.0008407 0.0001552 6.01e-05 5.84e-05 
5120 20 0.0008467 0.0001669 6.09e-05 5.86e-05 
5170 20 0.0008504 0.0001654 5.75e-05 5.58e-05 
5220 20 0.0008654 0.0001798 6.29e-05 6.13e-05 
5270 20 0.0008699 0.000171 6.09e-05 5.94e-05 
5320 20 0.0008756 0.0001693 6.22e-05 6.02e-05 
5370 20 0.0008874 0.0001563 5.64e-05 5.52e-05 
5420 20 0.0008979 0.0001561 5.85e-05 5.64e-05 
5470 20 0.0009042 0.0001579 5.86e-05 5.73e-05 
5520 20 0.0009294 0.0001613 5.94e-05 5.76e-05 
5570 20 0.0009211 0.0001642 6.04e-05 5.85e-05 
5620 20 0.0009321 0.0001549 5.86e-05 5.64e-05 
5670 20 0.0009345 0.0001632 5.58e-05 5.41e-05 
5720 20 0.0009541 0.0001612 6.19e-05 6.1e-05 
5770 20 0.0009587 0.0001755 6.25e-05 6.07e-05 
5820 20 0.0009695 0.0001901 5.92e-05 5.79e-05 
5870 20 0.0009726 0.0001731 6.3e-05 6.13e-05 
5920 20 0.0009845 0.0001757 6.15e-05 6.07e-05 
5970 20 0.0009859 0.0001647 5.83e-05 5.66e-05 
6020 20 0.0009996 0.0001696 5.92e-05 5.78e-05 
6070 20 0.0010153 0.0001664 5.98e-05 5.88e-05 
6120 20 0.0010178 0.0001648 6.01e-05 5.84e-05 
6170 20 0.0010253 0.0001616 5.83e-05 5.68e-05 
6220 20 0.0010251 0.0001756 6.05e-05 5.94e-05 
6270 20 0.001043 0.0001616 5.67e-05 5.46e-05 
6320 20 0.0010543 0.0001633 6.04e-05 5.87e-05 
6370 20 0.0010691 0.0001592 6e-05 5.87e-05 
6420 20 0.0010723 0.0001739 6.25e-05 6.09e-05 
6470 20 0.0010776 0.0001766 5.98e-05 5.73e-05 
6520 20 0.0010831 0.0001548 5.8e-05 5.68e-05 
6570 20 0.0010942 0.0001572 5.81e-05 5.63e-05 
6620 20 0.0011071 0.0001782 6.1e-05 5.78e-05 
6670 20 0.0011184 0.0001761 6.02e-05 5.87e-05 
6720 20 0.0011138 0.0001649 5.87e-05 5.72e-05 
6770 20 0.0012135 0.0001707 5.94e-05 5.8e-05 
6820 20 0.0011402 0.0001902 6.4e-05 6.23e-05 
6870 20 0.0011494 0.0001546 5.87e-05 5.62e-05 
6920 20 0.0011536 0.0001512 5.6e-05 5.43e-05 
6970 20 0.0011624 0.0001736 6.27e-05 6.17e-05 
7020 20 0.0011671 0.0001636 5.81e-05 5.61e-05 
7070 20 0.0012154 0.0001807 6.31e-05 6.19e-05 
7120 20 0.0011884 0.0001718 6.01e-05 5.86e-05 
7170 20 0.0011979 0.0001701 5.92e-05 5.76e-05 
7220 20 0.0012057 0.0001616 5.84e-05 5.8e-05 
7270 20 0.0012122 0.0001756 6.12e-05 6.06e-05 
7320 20 0.0012191 0.0001675 5.97e-05 5.87e-05 
7370 20 0.0012293 0.0001784 6.07e-05 6.01e-05 
7420 20 0.0013156 0.0002009 6.77e-05 6.33e-05 
7470 20 0.0012483 0.0001694 5.95e-05 5.74e-05 
7520 20 0.0012628 0.0001606 6.07e-05 5.84e-05 
7570 20 0.0012584 0.0001683 5.84e-05 5.68e-05 
7620 20 0.0012689 0.0001747 6.12e-05 5.93e-05 
7670 20 0.0012799 0.0001739 5.81e-05 5.61e-05 
7720 20 0.0012942 0.0001732 5.95e-05 5.75e-05 
7770 20 0.0012974 0.0001794 5.92e-05 5.71e-05 
7820 20 0.0013158 0.0001839 6.23e-05 6.12e-05 
7870 20 0.001315 0.0001639 6.27e-05 6.02e-05 
7920 20 0.0013229 0.0001836 6.41e-05 6.36e-05 
7970 20 0.0013302 0.0001658 5.85e-05 5.68e-05 
8020 20 0.0013453 0.0001636 6.01e-05 5.76e-05 
8070 20 0.0013486 0.0001742 6.26e-05 6.16e-05 
8120 20 0.0013584 0.000178 6.25e-05 5.98e-05 
8170 20 0.0013657 0.0001803 6.05e-05 5.97e-05 
8220 20 0.0014487 0.000178 6.22e-05 6.01e-05 
8270 20 0.0013819 0.000192 6.29e-05 6.11e-05 
8320 20 0.0013903 0.0001838 6.09e-05 5.86e-05 
8370 20 0.0013992 0.0001646 6.04e-05 5.97e-05 
8420 20 0.0014202 0.0001753 6.19e-05 6.06e-05 
8470 20 0.0014235 0.0001663 5.86e-05 5.68e-05 
8520 20 0.0014321 0.0001732 6.05e-05 5.92e-05 
8570 20 0.0014359 0.0001628 5.86e-05 5.52e-05 
8620 20 0.0014413 0.0001646 6.05e-05 5.89e-05 
8670 20 0.001473 0.0002069 6.54e-05 6.42e-05 
8720 20 0.0014735 0.0001763 6.25e-05 6.12e-05 
8770 20 0.0014725 0.0001958 6.33e-05 6.22e-05 
8820 20 0.0014768 0.0001865 6.12e-05 5.91e-05 
8870 20 0.0014962 0.0001955 6.52e-05 6.48e-05 
8920 20 0.0014994 0.0001703 5.92e-05 5.7e-05 
8970 20 0.0015102 0.0001806 6.23e-05 6.07e-05 
9020 20 0.0015118 0.000162 6.1e-05 5.95e-05 
9070 20 0.0015193 0.0001852 6.1e-05 5.98e-05 
9120 20 0.001528 0.0001526 6.03e-05 5.91e-05 
9170 20 0.0015515 0.0001817 6.13e-05 6.11e-05 
9220 20 0.0015505 0.0001493 5.97e-05 5.78e-05 
9270 20 0.0015505 0.0001932 6.44e-05 6.32e-05 
9320 20 0.0015702 0.0001691 6.16e-05 5.99e-05 
9370 20 0.0015751 0.0001718 6.02e-05 5.82e-05 
9420 20 0.0015899 0.0001874 6.38e-05 6.31e-05 
9470 20 0.0016099 0.0001794 6.21e-05 6.05e-05 
9520 20 0.0015907 0.0001682 5.61e-05 5.4e-05 
9570 20 0.0016128 0.0001871 6.32e-05 6.19e-05 
9620 20 0.0016154 0.0001678 6.22e-05 6.09e-05 
9670 20 0.0016255 0.0001808 5.9e-05 5.78e-05 
9720 20 0.0016384 0.0001641 5.94e-05 5.81e-05 
9770 20 0.0016374 0.0001907 6.39e-05 6.16e-05 
9820 20 0.0016496 0.0001921 6.34e-05 6.24e-05 
9870 20 0.0016615 0.0001801 6.07e-05 5.97e-05 
9920 20 0.0016651 0.000174 5.92e-05 5.84e-05 
9970 20 0.0016825 0.0001757 6.29e-05 6.25e-05 
10020 20 0.0017672 0.0002026 6.86e-05 6.72e-05 
10070 20 0.0016904 0.0001742 5.94e-05 5.73e-05 
10120 20 0.0017105 0.0001998 6.24e-05 6.22e-05 
10170 20 0.0017095 0.0001828 6.07e-05 5.77e-05 
10220 20 0.0017247 0.0001713 5.99e-05 5.93e-05 
10270 20 0.0017239 0.000181 5.93e-05 5.78e-05 
10320 20 0.0017489 0.000195 6.28e-05 6.2e-05 
10370 20 0.0017472 0.0001785 6.06e-05 5.98e-05 
10420 20 0.0017493 0.0001825 6.3e-05 6.15e-05 
10470 20 0.0017659 0.0001825 5.85e-05 5.61e-05 
10520 20 0.0017762 0.0001888 6.35e-05 6.18e-05 
10570 20 0.0017944 0.0001796 6.08e-05 5.92e-05 
10620 20 0.0017896 0.0001768 6.19e-05 6.18e-05 
10670 20 0.0019705 0.0001877 6.38e-05 6.15e-05 
10720 20 0.001816 0.0001844 6.17e-05 6.11e-05 
10770 20 0.0018165 0.0001796 6.03e-05 5.94e-05 
10820 20 0.0018329 0.0001823 5.92e-05 5.77e-05 
10870 20 0.0018376 0.0001728 5.82e-05 5.67e-05 
10920 20 0.0018417 0.0001909 6.16e-05 6.01e-05 
10970 20 0.0018574 0.0001803 6.33e-05 6.21e-05 
11020 20 0.0018526 0.0001876 6.45e-05 6.33e-05 
11070 20 0.0018723 0.0001766 6.03e-05 5.89e-05 
11120 20 0.0018744 0.0001976 6.42e-05 6.31e-05 
11170 20 0.0018955 0.0001975 6.33e-05 6.17e-05 
11220 20 0.0019758 0.0002049 6.92e-05 6.55e-05 
11270 20 0.0019062 0.0001944 6.74e-05 6.62e-05 
11320 20 0.0019181 0.000185 6.25e-05 6.15e-05 
11370 20 0.0019309 0.0001775 6.39e-05 6.24e-05 
11420 20 0.0019417 0.0001833 6.21e-05 6.14e-05 
11470 20 0.0019518 0.0001917 6.31e-05 6.05e-05 
11520 20 0.0019436 0.0001947 6.39e-05 6.28e-05 
11570 20 0.0019457 0.0001839 5.99e-05 5.89e-05 
11620 20 0.0021245 0.0002273 7.53e-05 7.11e-05 
11670 20 0.0019697 0.000174 6.24e-05 6.08e-05 
11720 20 0.0019846 0.000182 5.93e-05 5.73e-05 
11770 20 0.002004 0.0001886 6.45e-05 6.35e-05 
11820 20 0.0020019 0.0001715 6.11e-05 5.99e-05 
11870 20 0.0020131 0.0001802 6.27e-05 6.05e-05 
11920 20 0.0020246 0.0001988 6.55e-05 6.34e-05 
11970 20 0.0020269 0.0001742 6.23e-05 5.88e-05 
12020 20 0.002034 0.0001835 5.93e-05 5.75e-05 
12070 20 0.0020459 0.000196 6.4e-05 6.29e-05 
12120 20 0.0020584 0.00019 6.53e-05 6.41e-05 
12170 20 0.0020498 0.0001906 6.23e-05 6.2e-05 
12220 20 0.0020617 0.0001938 6.52e-05 6.41e-05 
12270 20 0.0020774 0.0001769 6.37e-05 6.2e-05 
12320 20 0.0020992 0.0002045 6.41e-05 6.19e-05 
12370 20 0.0020921 0.0001969 6.34e-05 6.15e-05 
12420 20 0.0020963 0.0001792 6.2e-05 5.94e-05 
12470 20 0.0021161 0.0001761 6.44e-05 6.21e-05 
12520 20 0.0021167 0.0001919 6.37e-05 6.09e-05 
12570 20 0.0021292 0.0002053 6.6e-05 6.44e-05 
12620 20 0.0023464 0.0002022 6.63e-05 6.38e-05 
12670 20 0.0021614 0.000179 6.08e-05 5.74e-05 
12720 20 0.0021566 0.0001872 6.48e-05 6.23e-05 
12770 20 0.0021542 0.0001918 6.35e-05 6.4e-05 
12820 20 0.002183 0.0001928 6.19e-05 6.03e-05 
12870 20 0.0021856 0.0001865 6.53e-05 6.38e-05 
12920 20 0.0021791 0.0001976 6.38e-05 6.34e-05 
12970 20 0.0021877 0.0001764 5.91e-05 5.8e-05 
13020 20 0.0022125 0.0001769 6.02e-05 5.95e-05 
13070 20 0.0022093 0.0001952 6.23e-05 6.03e-05 
13120 20 0.0022411 0.000188 6.37e-05 6.25e-05 
13170 20 0.0026079 0.0002326 7.65e-05 7.39e-05 
13220 20 0.0022316 0.0001746 5.98e-05 5.77e-05 
13270 20 0.002352 0.0002002 6.6e-05 6.17e-05 
13320 20 0.0022563 0.000175 6.18e-05 6e-05 
13370 20 0.0022661 0.0001837 6.24e-05 6.06e-05 
13420 20 0.0022875 0.0001879 6.38e-05 6.2e-05 
13470 20 0.0022812 0.0001807 6.54e-05 6.35e-05 
13520 20 0.0022957 0.00018 5.97e-05 5.69e-05 
13570 20 0.0023103 0.0001944 6.51e-05 6.47e-05 
13620 20 0.002301 0.0001727 6.04e-05 5.83e-05 
13670 20 0.0023133 0.0001902 6.49e-05 6.5e-05 
13720 20 0.0023208 0.0001737 6.12e-05 6.02e-05 
13770 20 0.0023672 0.0002063 6.16e-05 6.01e-05 
13820 20 0.0023433 0.0001923 6.41e-05 6.22e-05 
13870 20 0.0023602 0.0001788 6.39e-05 6.18e-05 
13920 20 0.002365 0.0001877 6.6e-05 6.46e-05 
13970 20 0.0023642 0.0001813 6.33e-05 6.07e-05 
14020 20 0.0023826 0.0001836 6.16e-05 5.91e-05 
14070 20 0.0024094 0.0001939 6.37e-05 6.06e-05 
14120 20 0.0024826 0.0002126 6.9e-05 6.8e-05 
14170 20 0.0023997 0.0001939 6.61e-05 6.2e-05 
14220 20 0.0024353 0.0001815 6.45e-05 6.21e-05 
14270 20 0.0027018 0.0002032 7.11e-05 6.88e-05 
14320 20 0.0026074 0.0002052 7.34e-05 7.03e-05 
14370 20 0.0024362 0.000192 6.74e-05 6.6e-05 
14420 20 0.0024945 0.0001848 6.43e-05 6.28e-05 
14470 20 0.0024696 0.0001741 6.38e-05 6.15e-05 
14520 20 0.0024746 0.0001957 6.72e-05 6.45e-05 
14570 20 0.0024803 0.0002009 6.56e-05 6.54e-05 
14620 20 0.0025261 0.000185 6.79e-05 6.65e-05 
14670 20 0.002485 0.0001788 6.15e-05 5.95e-05 
14720 20 0.0025098 0.000198 6.45e-05 6.22e-05 
14770 20 0.00253 0.0001808 6.44e-05 6.17e-05 
14820 20 0.0025213 0.0001902 6.4e-05 6.24e-05 
14870 20 0.002536 0.0001952 6.31e-05 6.07e-05 
14920 20 0.0025543 0.0001998 6.54e-05 6.34e-05 
14970 20 0.0025466 0.0001899 6.14e-05 6.08e-05 
15020 20 0.0025746 0.0001989 6.45e-05 6.25e-05 
15070 20 0.0025578 0.0002072 6.83e-05 6.68e-05 
15120 20 0.0027534 0.00019 6.84e-05 6.54e-05 
15170 20 0.0025694 0.0001849 6.39e-05 6.11e-05 
15220 20 0.0025861 0.0001841 6.01e-05 5.78e-05 
15270 20 0.0026104 0.0001893 6.67e-05 6.64e-05 
15320 20 0.0026336 0.0001803 6.52e-05 6.16e-05 
15370 20 0.0026071 0.0001923 6.22e-05 6.11e-05 
15420 20 0.0026347 0.0002034 6.61e-05 6.56e-05 
15470 20 0.00265 0.0001849 5.94e-05 5.79e-05 
15520 20 0.0026796 0.0001791 6e-05 5.63e-05 
15570 20 0.0028041 0.0001921 6.44e-05 6.35e-05 
15620 20 0.0026737 0.0001973 6.64e-05 6.4e-05 
15670 20 0.002835 0.0002305 7.77e-05 7.29e-05 
15720 20 0.002685 0.0002031 6.64e-05 6.43e-05 
15770 20 0.0026981 0.0002028 6.74e-05 6.6e-05 
15820 20 0.0027065 0.0001817 6.54e-05 6.38e-05 
15870 20 0.0027206 0.0001988 6.51e-05 6.12e-05 
15920 20 0.0027133 0.00019 6.55e-05 6.35e-05 
15970 20 0.002728 0.0001836 5.93e-05 5.67e-05 
16020 20 0.0027639 0.0001976 6.32e-05 6.08e-05 
16070 20 0.0027189 0.0001819 6.36e-05 6.22e-05 
16120 20 0.0027746 0.0002025 6.71e-05 6.44e-05 
16170 20 0.0027977 0.0001778 6.49e-05 6.38e-05 
16220 20 0.0027815 0.0002027 6.37e-05 6.09e-05 
16270 20 0.0028101 0.0001902 6.6e-05 6.31e-05 
16320 20 0.0028151 0.0001974 6.61e-05 6.39e-05 
16370 20 0.0027993 0.000212 6.67e-05 6.65e-05 
16420 20 0.0028866 0.0001891 6.56e-05 6.12e-05 
16470 20 0.00284 0.0001888 6.79e-05 6.67e-05 
16520 20 0.0028549 0.0001767 6.32e-05 6.12e-05 
16570 20 0.0029032 0.0001982 6.83e-05 6.6e-05 
16620 20 0.003102 0.0002254 7.55e-05 7.05e-05 
16670 20 0.0029161 0.0001986 6.73e-05 6.45e-05 
16720 20 0.0028891 0.0002064 7.33e-05 7.09e-05 
16770 20 0.0029466 0.0001964 6.7e-05 6.43e-05 
16820 20 0.0029217 0.0002061 6.91e-05 6.53e-05 
16870 20 0.0029573 0.0001926 6.29e-05 6.03e-05 
16920 20 0.0029371 0.0002122 6.81e-05 6.58e-05 
16970 20 0.0029357 0.0002016 6.59e-05 6.29e-05 
17020 20 0.002924 0.0002054 7e-05 6.7e-05 
17070 20 0.0029911 0.0001992 6.41e-05 6.04e-05 
17120 20 0.0030095 0.0002063 6.65e-05 6.15e-05 
17170 20 0.0029938 0.0001969 6.96e-05 6.6e-05 
17220 20 0.0029888 0.0002015 6.68e-05 6.18e-05 
17270 20 0.0030925 0.0001901 6.69e-05 6.41e-05 
17320 20 0.003237 0.000211 7.24e-05 6.85e-05 
17370 20 0.0029979 0.0001915 6.38e-05 6.01e-05 
17420 20 0.003025 0.0002073 6.73e-05 6.36e-05 
17470 20 0.0030897 0.0002171 6.88e-05 6.68e-05 
17520 20 0.0030161 0.000184 6.55e-05 6.34e-05 
17570 20 0.0030187 0.0001792 6.76e-05 6.38e-05 
17620 20 0.003122 0.0001931 6.99e-05 6.51e-05 
17670 20 0.003094 0.0001883 6.86e-05 6.41e-05 
17720 20 0.0030955 0.0001958 6.67e-05 6.33e-05 
17770 20 0.0030851 0.0001925 7e-05 6.76e-05 
17820 20 0.0031057 0.0001864 6.53e-05 6.24e-05 
17870 20 0.0030952 0.00019 6.87e-05 6.57e-05 
17920 20 0.00316 0.0001937 6.74e-05 6.39e-05 
17970 20 0.0035348 0.0002216 7.56e-05 7.4e-05 
18020 20 0.0031316 0.0001857 6.68e-05 6.39e-05 
18070 20 0.0033837 0.0001916 7.13e-05 6.76e-05 
18120 20 0.0033063 0.000191 6.83e-05 6.33e-05 
18170 20 0.0031817 0.0001859 6.48e-05 5.96e-05 
18220 20 0.0032282 0.0002212 7.37e-05 7.03e-05 
18270 20 0.0031924 0.0001978 6.5e-05 6.05e-05 
18320 20 0.003184 0.0001959 6.83e-05 6.65e-05 
18370 20 0.0032019 0.0001977 6.37e-05 6e-05 
18420 20 0.0035612 0.0001992 7.35e-05 6.67e-05 
18470 20 0.0031941 0.000187 6.4e-05 5.88e-05 
18520 20 0.0032402 0.0001871 6.65e-05 6.23e-05 
18570 20 0.003228 0.0002068 6.65e-05 6.44e-05 
18620 20 0.0032217 0.000198 6.94e-05 6.61e-05 
18670 20 0.0032577 0.0002012 7.06e-05 6.66e-05 
18720 20 0.003257 0.0001863 6.66e-05 6.38e-05 
18770 20 0.0037172 0.0002368 7.94e-05 7.61e-05 
18820 20 0.0033195 0.0002042 6.7e-05 6.34e-05 
18870 20 0.0032507 0.0001996 6.74e-05 6.38e-05 
18920 20 0.0032998 0.0002182 6.92e-05 6.81e-05 
18970 20 0.0034 0.0001878 6.85e-05 6.34e-05 
19020 20 0.0033021 0.0002179 7e-05 6.53e-05 
19070 20 0.0033272 0.0001873 6.36e-05 5.82e-05 
19120 20 0.0034696 0.0002129 7.31e-05 6.95e-05 
19170 20 0.0033357 0.0001781 6.25e-05 5.87e-05 
19220 20 0.0034059 0.0002185 6.86e-05 6.47e-05 
19270 20 0.0034113 0.0001855 6.33e-05 6.04e-05 
19320 20 0.0033668 0.00019 6.48e-05 6.2e-05 
19370 20 0.0033934 0.0002155 7.29e-05 7.09e-05 
19420 20 0.003465 0.0002144 7.02e-05 6.75e-05 
19470 20 0.0034213 0.0002037 6.96e-05 6.46e-05 
19520 20 0.0034243 0.0002021 6.86e-05 6.46e-05 
19570 20 0.0034715 0.000186 6.7e-05 6.32e-05 
19620 20 0.0034785 0.000208 6.93e-05 6.69e-05 
19670 20 0.0034661 0.0002144 7.46e-05 7.03e-05 
19720 20 0.0034875 0.0001985 6.94e-05 6.73e-05 
19770 20 0.0034944 0.0001989 6.83e-05 6.5e-05 
19820 20 0.0037129 0.0002338 7.65e-05 7.16e-05 
19870 20 0.0035362 0.0001966 6.72e-05 6.4e-05 
19920 20 0.0035385 0.000225 7.2e-05 6.86e-05 
19970 20 0.0036216 0.0002026 7.12e-05 6.68e-05 
20020 20 0.0038397 0.0002085 7.75e-05 7.34e-05 
20070 20 0.0035979 0.0002051 7.09e-05 6.73e-05 
20120 20 0.0036244 0.0002049 6.78e-05 6.22e-05 
20170 20 0.0035919 0.000204 6.9e-05 6.49e-05 
20220 20 0.0036013 0.0001856 6.56e-05 6.35e-05 
20270 20 0.0036832 0.0002218 7.63e-05 7.24e-05 
20320 20 0.0036984 0.000204 6.92e-05 6.56e-05 
20370 20 0.0036824 0.0001969 7.11e-05 6.79e-05 
20420 20 0.0039144 0.0002097 7.72e-05 6.99e-05 
20470 20 0.0036661 0.0001897 6.82e-05 6.45e-05 
20520 20 0.0039918 0.0002187 7.31e-05 6.79e-05 
20570 20 0.0037103 0.000221 7.13e-05 6.52e-05 
20620 20 0.0041689 0.0002092 7.53e-05 7.16e-05 
20670 20 0.003759 0.0002122 7.07e-05 6.54e-05 
20720 20 0.0037816 0.000204 6.97e-05 6.37e-05 
20770 20 0.0037551 0.0002158 7.15e-05 6.78e-05 
20820 20 0.0037775 0.0001911 6.78e-05 6.51e-05 
20870 20 0.0041335 0.00025 8.28e-05 7.61e-05 
20920 20 0.0038029 0.0002284 7.59e-05 7.16e-05 
20970 20 0.0043709 0.0002215 7.63e-05 7.01e-05 
21020 20 0.0038911 0.0002124 7.3e-05 6.91e-05 
21070 20 0.0037881 0.0002115 7.41e-05 6.81e-05 
21120 20 0.0038512 0.0002198 7.39e-05 7.16e-05 
21170 20 0.0039115 0.0002059 7.27e-05 6.9e-05 
21220 20 0.0042915 0.0001985 7.35e-05 6.74e-05 
21270 20 0.0039388 0.0002022 6.98e-05 6.54e-05 
21320 20 0.0039556 0.0002268 7.34e-05 6.8e-05 
21370 20 0.0040072 0.0002268 7.77e-05 7.49e-05 
21420 20 0.0042492 0.0002339 7.48e-05 6.94e-05 
21470 20 0.00388 0.0001944 6.9e-05 6.47e-05 
21520 20 0.003884 0.0002238 7.38e-05 6.85e-05 
21570 20 0.0040702 0.0001984 7.73e-05 7.45e-05 
21620 20 0.003897 0.0001863 7.3e-05 7.03e-05 
21670 20 0.0038963 0.0002145 7.31e-05 6.8e-05 
21720 20 0.0040015 0.0002167 7.4e-05 7.05e-05 
21770 20 0.0040407 0.000197 6.92e-05 6.44e-05 
21820 20 0.0041688 0.0002131 7.03e-05 6.71e-05 
21870 20 0.0040911 0.0002169 7.56e-05 6.83e-05 
21920 20 0.0041742 0.0002147 7.56e-05 6.84e-05 
21970 20 0.0039399 0.000235 7.65e-05 7.38e-05 
22020 20 0.0042856 0.0002117 7.43e-05 6.91e-05 
22070 20 0.003995 0.0002084 7.14e-05 6.58e-05 
22120 20 0.0045039 0.0002525 8.38e-05 7.63e-05 
22170 20 0.0039509 0.0002059 6.7e-05 6.28e-05 
22220 20 0.0040236 0.00021 7.12e-05 6.57e-05 
22270 20 0.0040594 0.0002225 7.34e-05 6.89e-05 
22320 20 0.0043923 0.0002201 8.06e-05 7.49e-05 
22370 20 0.0041095 0.0002204 7.91e-05 7.35e-05 
22420 20 0.0040429 0.0001871 7.08e-05 6.67e-05 
22470 20 0.0041886 0.0002236 7.46e-05 6.89e-05 
22520 20 0.0041807 0.0002219 7.5e-05 6.93e-05 
22570 20 0.0041014 0.0002231 7.63e-05 7.03e-05 
22620 20 0.0045511 0.0002127 7.66e-05 7.08e-05 
22670 20 0.0041517 0.0002057 7.54e-05 7.18e-05 
22720 20 0.004157 0.0002141 7.25e-05 6.75e-05 
22770 20 0.0046387 0.0002292 8.34e-05 7.57e-05 
22820 20 0.0042851 0.000219 7.29e-05 6.67e-05 
22870 20 0.004238 0.0002049 7.04e-05 6.47e-05 
22920 20 0.004203 0.000209 6.89e-05 6.25e-05 
22970 20 0.0042283 0.0002131 7.68e-05 7.18e-05 
23020 20 0.0045842 0.0001979 7.5e-05 6.94e-05 
23070 20 0.0042208 0.0002035 7.01e-05 6.55e-05 
23120 20 0.0043053 0.0002322 7.61e-05 7.3e-05 
23170 20 0.0046316 0.0002162 7.93e-05 7.16e-05 
23220 20 0.0042912 0.0002103 6.63e-05 6.25e-05 
23270 20 0.0045171 0.0002298 7.49e-05 6.89e-05 
23320 20 0.0044492 0.0002196 7.15e-05 6.56e-05 
23370 20 0.0044453 0.0002308 7.87e-05 7.31e-05 
23420 20 0.0044865 0.0001895 7.12e-05 6.33e-05 
23470 20 0.004527 0.0002246 7.6e-05 6.97e-05 
23520 20 0.0048082 0.0002053 7.4e-05 7.04e-05 
23570 20 0.004527 0.0002044 7.2e-05 6.54e-05 
23620 20 0.0045298 0.000222 8.02e-05 7.43e-05 
23670 20 0.0043837 0.0002183 7.67e-05 7.09e-05 
23720 20 0.0046342 0.0002148 7.41e-05 7.01e-05 
23770 20 0.004559 0.0001959 6.94e-05 6.51e-05 
23820 20 0.0046537 0.0002023 7.64e-05 7.04e-05 
23870 20 0.0047304 0.00022 7.85e-05 7.29e-05 
23920 20 0.0046143 0.0002177 7.51e-05 7.19e-05 
23970 20 0.0046788 0.0002198 7.78e-05 7.35e-05 
24020 20 0.0047044 0.0002159 7.39e-05 6.8e-05 
24070 20 0.0047288 0.0002135 7.74e-05 7.15e-05 
24120 20 0.0050221 0.0002231 7.71e-05 6.94e-05 
24170 20 0.0047673 0.0002083 7.25e-05 6.59e-05 
24220 20 0.0046906 0.0002186 7.54e-05 6.95e-05 
24270 20 0.0045922 0.0002263 7.29e-05 6.56e-05 
24320 20 0.004834 0.0002319 7.22e-05 6.66e-05 
24370 20 0.00454 0.0002328 7.55e-05 6.91e-05 
24420 20 0.0048127 0.0002158 7.56e-05 7.11e-05 
24470 20 0.0047893 0.0002226 7.9e-05 7.63e-05 
24520 20 0.0049422 0.0002034 7.35e-05 6.8e-05 
24570 20 0.0048763 0.0002009 7.22e-05 6.63e-05 
24620 20 0.0047677 0.0002371 8.15e-05 7.7e-05 
24670 20 0.0046927 0.0002053 7.28e-05 6.78e-05 
24720 20 0.0049274 0.0002234 7.77e-05 7.18e-05 
24770 20 0.0051841 0.0002247 7.75e-05 7.03e-05 
24820 20 0.0049861 0.0002279 7.32e-05 6.93e-05 
24870 20 0.0049658 0.0002187 7.83e-05 7.35e-05 
24920 20 0.0049018 0.0002126 7.64e-05 7.06e-05 
24970 20 0.0049135 0.0002097 7.46e-05 6.94e-05 
25020 20 0.0054265 0.000226 8.12e-05 7.52e-05 
25070 20 0.0050228 0.0002276 7.72e-05 7.18e-05 
25120 20 0.0053694 0.0002256 7.86e-05 7.22e-05 
25170 20 0.004934 0.0002046 7.6e-05 7.04e-05 
25220 20 0.0050136 0.000237 8.01e-05 7.47e-05 
25270 20 0.0051073 0.0002028 7.44e-05 6.6e-05 
25320 20 0.0050321 0.0002244 7.53e-05 7.01e-05 
25370 20 0.0049879 0.0002161 7.71e-05 7.11e-05 
25420 20 0.0050253 0.0002104 7.27e-05 6.74e-05 
25470 20 0.0051113 0.0002318 7.72e-05 7.07e-05 
25520 20 0.0053823 0.0002451 8.02e-05 7.29e-05 
25570 20 0.0049546 0.0002381 7.89e-05 7.38e-05 
25620 20 0.0051002 0.0002275 8e-05 7.33e-05 
25670 20 0.0054876 0.0002313 8.14e-05 7.37e-05 
25720 20 0.0051024 0.0002245 7.81e-05 7.12e-05 
25770 20 0.0050741 0.0002121 7.68e-05 7.13e-05 
25820 20 0.0050819 0.000217 7.54e-05 7.04e-05 
25870 20 0.0055234 0.0002208 7.72e-05 7.14e-05 
25920 20 0.0052418 0.0002229 7.75e-05 7.1e-05 
25970 20 0.0051914 0.0002166 7.57e-05 6.89e-05 
26020 20 0.0052298 0.0002227 7.54e-05 6.8e-05 
26070 20 0.0052398 0.0002341 7.48e-05 6.97e-05 
26120 20 0.0052108 0.0002156 7.96e-05 7.31e-05 
26170 20 0.0051909 0.000213 7.03e-05 6.53e-05 
26220 20 0.0057044 0.0002388 8.25e-05 7.53e-05 
26270 20 0.0051585 0.0002337 7.52e-05 6.92e-05 
26320 20 0.0052263 0.0001932 7.06e-05 6.46e-05 
26370 20 0.0052937 0.0002233 7.66e-05 6.87e-05 
26420 20 0.0053036 0.0002153 7.62e-05 7.12e-05 
26470 20 0.0053009 0.000251 8.06e-05 7.62e-05 
26520 20 0.0053073 0.0002234 8.09e-05 7.33e-05 
26570 20 0.0053556 0.0002018 7.68e-05 7.05e-05 
26620 20 0.0053155 0.0002303 8.06e-05 7.04e-05 
26670 20 0.0053229 0.000205 7.62e-05 6.91e-05 
26720 20 0.0052714 0.0002119 7.75e-05 7.14e-05 
26770 20 0.005334 0.0002493 7.69e-05 7.31e-05 
26820 20 0.0052335 0.0002238 7.57e-05 6.86e-05 
26870 20 0.005305 0.0002286 8.1e-05 7.27e-05 
26920 20 0.0053163 0.0002116 8.07e-05 7.34e-05 
26970 20 0.0053713 0.0002217 7.7e-05 7.08e-05 
27020 20 0.005281 0.000212 7.89e-05 7.16e-05 
27070 20 0.0053714 0.0002134 7.48e-05 6.8e-05 
27120 20 0.0053224 0.0002264 7.74e-05 6.96e-05 
27170 20 0.0054715 0.0002163 7.5e-05 6.87e-05 
27220 20 0.0055265 0.0002149 8.18e-05 7.4e-05 
27270 20 0.0057509 0.0002237 7.96e-05 7.15e-05 
27320 20 0.0057003 0.0002186 8.11e-05 7.35e-05 
27370 20 0.0056965 0.0002135 7.87e-05 7.34e-05 
27420 20 0.0053377 0.0002277 7.89e-05 7.15e-05 
27470 20 0.0055352 0.0002382 8.11e-05 7.38e-05 
27520 20 0.0055022 0.0002066 7.69e-05 6.86e-05 
27570 20 0.0055916 0.0002261 7.56e-05 6.79e-05 
27620 20 0.0056578 0.0002168 7.47e-05 6.72e-05 
27670 20 0.0055148 0.0002448 8.49e-05 7.99e-05 
27720 20 0.0055763 0.0002292 7.51e-05 6.66e-05 
27770 20 0.0055938 0.000229 7.82e-05 7.26e-05 
27820 20 0.0056037 0.0002469 8.67e-05 8.04e-05 
27870 20 0.0061232 0.0002047 8.18e-05 7.33e-05 
27920 20 0.0055796 0.0002077 7.97e-05 7.23e-05 
27970 20 0.0056842 0.0002115 8.05e-05 7.41e-05 
28020 20 0.0056465 0.0002199 7.97e-05 7.32e-05 
28070 20 0.0056508 0.0002228 7.33e-05 6.65e-05 
28120 20 0.0063955 0.000242 8.64e-05 7.94e-05 
28170 20 0.005735 0.0002151 7.65e-05 6.77e-05 
28220 20 0.0062294 0.0002515 8.38e-05 7.51e-05 
28270 20 0.0057668 0.0002276 8.17e-05 7.4e-05 
28320 20 0.0057696 0.0002316 8.24e-05 7.52e-05 
28370 20 0.0062764 0.0002427 8.35e-05 7.63e-05 
28420 20 0.0057151 0.0002285 8.1e-05 7.21e-05 
28470 20 0.00571 0.000231 7.98e-05 7.41e-05 
28520 20 0.0057716 0.0002251 8.08e-05 7.07e-05 
28570 20 0.0061205 0.0002241 8.06e-05 7.38e-05 
28620 20 0.0061691 0.00021 7.68e-05 6.72e-05 
28670 20 0.0061624 0.0002284 8.03e-05 7.39e-05 
28720 20 0.0069199 0.0002432 8.9e-05 8.46e-05 
28770 20 0.0068717 0.0002588 8.87e-05 7.98e-05 
28820 20 0.0059369 0.0002103 7.41e-05 6.69e-05 
28870 20 0.0057812 0.0002345 7.61e-05 6.82e-05 
28920 20 0.0059217 0.0002418 8.08e-05 7.58e-05 
28970 20 0.0059343 0.0002221 8.07e-05 7.47e-05 
29020 20 0.0060213 0.0002294 8.16e-05 7.53e-05 
29070 20 0.0059608 0.0002246 8.09e-05 7.21e-05 
29120 20 0.0068979 0.000244 8.71e-05 8.07e-05 
29170 20 0.0061232 0.0002315 8.42e-05 7.69e-05 
29220 20 0.0060482 0.0002371 8.45e-05 7.7e-05 
29270 20 0.0059745 0.0002385 8.28e-05 7.81e-05 
29320 20 0.0062135 0.0002335 7.78e-05 7.15e-05 
29370 20 0.006489 0.0002348 8.12e-05 7.32e-05 
29420 20 0.0060933 0.0002164 7.55e-05 6.59e-05 
29470 20 0.0059951 0.0002358 8.37e-05 7.68e-05 
29520 20 0.0065219 0.000243 8.47e-05 7.73e-05 
29570 20 0.0067423 0.0002306 8.18e-05 7.44e-05 
29620 20 0.0062287 0.0002411 8.34e-05 7.46e-05 
29670 20 0.0062487 0.00022 7.51e-05 6.87e-05 
29720 20 0.0062668 0.0002266 7.89e-05 7.16e-05 
29770 20 0.0068009 0.00024 8.83e-05 8.05e-05 
29820 20 0.0063108 0.0002112 7.86e-05 7.24e-05 
29870 20 0.0095081 0.0002752 0.0001048 9.23e-05 
29920 20 0.0086975 0.0002345 8.9e-05 8.37e-05 
29970 20 0.0062445 0.0002153 7.61e-05 6.93e-05 
30020 20 0.0063187 0.0002238 8.46e-05 7.75e-05 
30070 20 0.0067534 0.0002364 7.94e-05 7.06e-05 
30120 20 0.0065942 0.0002377 8.32e-05 7.68e-05 
30170 20 0.0067703 0.0002219 7.82e-05 6.97e-05 
30220 20 0.0062431 0.0002096 7.58e-05 6.85e-05 
30270 20 0.0063985 0.0002312 7.88e-05 7.22e-05 
30320 20 0.0064022 0.0002182 7.92e-05 7.68e-05 
30370 20 0.0063165 0.0002406 8.17e-05 7.58e-05 
30420 20 0.0079488 0.0002538 8.71e-05 7.94e-05 
30470 20 0.0066748 0.00023 7.69e-05 7.07e-05 
30520 20 0.0073212 0.0002124 7.87e-05 7.06e-05 
30570 20 0.0067644 0.0002259 8.06e-05 7.44e-05 
30620 20 0.0079982 0.0002239 8.38e-05 7.86e-05 
30670 20 0.0065223 0.0002376 8.19e-05 7.46e-05 
30720 20 0.0065559 0.0002033 7.9e-05 6.98e-05 
30770 20 0.0074152 0.0002411 8.55e-05 7.83e-05 
30820 20 0.0084074 0.0002253 8.42e-05 7.76e-05 
30870 20 0.0081726 0.0002489 9.13e-05 8.34e-05 
30920 20 0.0067174 0.0002439 8.23e-05 7.5e-05 
30970 20 0.0064847 0.0002232 8.03e-05 7.37e-05 
31020 20 0.006672 0.0002294 7.78e-05 7.06e-05 
31070 20 0.0075221 0.0002249 8.43e-05 7.6e-05 
31120 20 0.0082486 0.0002438 8.33e-05 7.61e-05 
31170 20 0.0086959 0.000219 8.6e-05 7.75e-05 
31220 20 0.007868 0.000237 8.19e-05 7.48e-05 
31270 20 0.0078617 0.0002564 8.95e-05 8.39e-05 
31320 20 0.0077206 0.0002398 8.44e-05 7.66e-05 
31370 20 0.0083688 0.0002556 9.41e-05 8.7e-05 
31420 20 0.0104929 0.0002569 9.06e-05 8.44e-05 
31470 20 0.0068928 0.000249 8.89e-05 8e-05 
31520 20 0.0067185 0.0002155 7.97e-05 7.22e-05 
31570 20 0.0082593 0.0002706 9.9e-05 8.91e-05 
31620 20 0.0070115 0.000223 8.08e-05 7.24e-05 
31670 20 0.0108326 0.0002333 8.69e-05 7.66e-05 
31720 20 0.007844 0.0002434 8.24e-05 7.6e-05 
31770 20 0.0069618 0.0002245 8.65e-05 8.01e-05 
31820 20 0.0068582 0.0002132 8.27e-05 7.52e-05 
31870 20 0.0068888 0.0002466 8.29e-05 7.44e-05 
31920 20 0.0070538 0.0002207 8.26e-05 7.43e-05 
31970 20 0.006959 0.000233 8.24e-05 7.46e-05 
32020 20 0.006896 0.0002178 7.72e-05 6.99e-05 
32070 20 0.0070375 0.0002437 8.96e-05 8.35e-05 
32120 20 0.0070016 0.0002336 7.99e-05 7.23e-05 
32170 20 0.0070101 0.0002193 7.94e-05 7.18e-05 
32220 20 0.0071059 0.0002256 7.76e-05 7.1e-05 
32270 20 0.0069345 0.0002555 8.62e-05 7.89e-05 
32320 20 0.0071656 0.0002523 8.35e-05 7.69e-05 
32370 20 0.0070371 0.0002256 8.36e-05 7.46e-05 
32420 20 0.007176 0.000239 8.29e-05 7.64e-05 
32470 20 0.0069866 0.0002229 8.27e-05 7.63e-05 
32520 20 0.0071306 0.0002373 8.2e-05 7.39e-05 
32570 20 0.0072301 0.000228 8.4e-05 7.58e-05 
32620 20 0.0072209 0.0002534 8.6e-05 7.61e-05 
32670 20 0.0071604 0.0002463 8.46e-05 7.91e-05 
32720 20 0.0071401 0.0002108 8e-05 7.26e-05 
32770 20 0.0072733 0.0002724 8.91e-05 8.26e-05 
32820 20 0.0073133 0.0002402 8.42e-05 7.67e-05 
32870 20 0.0073749 0.0002276 8.54e-05 7.75e-05 
32920 20 0.0073724 0.0002404 8.02e-05 7.29e-05 
32970 20 0.0079026 0.0002335 8.47e-05 7.67e-05 
33020 20 0.0073182 0.0002413 8.13e-05 7.33e-05 
33070 20 0.0074011 0.0002264 8.03e-05 7.14e-05 
33120 20 0.0073682 0.0002368 8.57e-05 7.5e-05 
33170 20 0.0073879 0.0002098 8.19e-05 7.41e-05 
33220 20 0.0074427 0.0002286 8.15e-05 7.48e-05 
33270 20 0.0073471 0.0002438 8.14e-05 7.41e-05 
33320 20 0.0074247 0.0002384 8.77e-05 8.01e-05 
33370 20 0.0074196 0.0002486 8.21e-05 7.38e-05 
33420 20 0.0073966 0.0002327 8.19e-05 7.55e-05 
33470 20 0.007526 0.0002181 8.2e-05 7.41e-05 
33520 20 0.007559 0.0002549 8.76e-05 7.92e-05 
33570 20 0.0074182 0.0002359 8.18e-05 7.58e-05 
33620 20 0.0075889 0.0002449 8.6e-05 7.77e-05 
33670 20 0.0075254 0.0002566 8.5e-05 7.82e-05 
33720 20 0.0078782 0.0002382 8.68e-05 8.12e-05 
33770 20 0.0076566 0.0002485 7.97e-05 7.24e-05 
33820 20 0.0075713 0.0002363 8.44e-05 7.57e-05 
33870 20 0.0076027 0.0002301 8.12e-05 7.19e-05 
33920 20 0.0075585 0.0002316 8.19e-05 7.63e-05 
33970 20 0.0077235 0.0002207 7.48e-05 6.76e-05 
34020 20 0.0076869 0.0002338 7.99e-05 7.18e-05 
34070 20 0.0076287 0.0002594 8.52e-05 7.67e-05 
34120 20 0.0076138 0.0002309 8.28e-05 7.4e-05 
34170 20 0.0081193 0.000231 8.84e-05 7.85e-05 
34220 20 0.0076441 0.0002346 7.8e-05 6.99e-05 
34270 20 0.0078471 0.0002559 8.46e-05 7.59e-05 
34320 20 0.007785 0.0002303 7.81e-05 7.21e-05 
34370 20 0.0081628 0.0002633 8.27e-05 7.59e-05 
34420 20 0.008116 0.0002472 8.58e-05 7.77e-05 
34470 20 0.0077769 0.0002257 7.83e-05 6.97e-05 
34520 20 0.0079023 0.0002263 8.26e-05 7.22e-05 
34570 20 0.0078746 0.0002316 8.49e-05 7.71e-05 
34620 20 0.0079266 0.0002456 8.6e-05 7.88e-05 
34670 20 0.0079651 0.0002513 8.84e-05 8.01e-05 
34720 20 0.0079529 0.0002489 9.16e-05 8.23e-05 
34770 20 0.0079 0.0002165 8.13e-05 7.43e-05 
34820 20 0.0083778 0.0002395 9.26e-05 9.02e-05 
34870 20 0.0080033 0.0002467 8.56e-05 7.91e-05 
34920 20 0.0079589 0.0002438 8.71e-05 7.84e-05 
34970 20 0.0079567 0.0002612 8.97e-05 8.31e-05 
35020 20 0.0085071 0.0002493 8.95e-05 8.2e-05 
35070 20 0.0082155 0.0002274 8.54e-05 7.68e-05 
35120 20 0.0079654 0.0002388 8.8e-05 7.84e-05 
35170 20 0.0080639 0.0002365 8.61e-05 7.79e-05 
35220 20 0.0080527 0.0002484 8.28e-05 7.46e-05 
35270 20 0.0084006 0.0002215 8.16e-05 7.45e-05 
35320 20 0.0080986 0.0002474 8.29e-05 7.31e-05 
35370 20 0.0081325 0.0002524 8.75e-05 7.69e-05 
35420 20 0.0081919 0.0002444 8.59e-05 7.99e-05 
35470 20 0.0081674 0.0002351 8.55e-05 7.67e-05 
35520 20 0.0082702 0.0002417 8.76e-05 8.05e-05 
35570 20 0.0082751 0.0002339 8.5e-05 7.58e-05 
35620 20 0.0081982 0.0002382 8.23e-05 7.42e-05 
35670 20 0.008305 0.0002317 8.17e-05 7.32e-05 
35720 20 0.0083013 0.0002172 8.29e-05 7.5e-05 
35770 20 0.0083163 0.0002338 8.36e-05 7.59e-05 
35820 20 0.0084706 0.0002259 8.39e-05 7.55e-05 
35870 20 0.0083785 0.0002076 7.88e-05 7.22e-05 
35920 20 0.0086596 0.000259 9.16e-05 8.23e-05 
35970 20 0.0083369 0.0002433 8.78e-05 7.9e-05 
36020 20 0.0085193 0.0002337 8.56e-05 7.75e-05 
36070 20 0.0088693 0.0002517 8.7e-05 7.74e-05 
36120 20 0.0085395 0.0002381 8.03e-05 7.32e-05 
36170 20 0.0085345 0.0002397 8.64e-05 7.88e-05 
36220 20 0.008422 0.0002384 8.58e-05 7.78e-05 
36270 20 0.0085968 0.0002442 8.4e-05 7.77e-05 
36320 20 0.0098271 0.0002485 8.6e-05 7.58e-05 
36370 20 0.008512 0.0002405 8.59e-05 7.81e-05 
36420 20 0.0085741 0.0002585 8.91e-05 8.04e-05 
36470 20 0.008597 0.0002325 8.36e-05 7.51e-05 
36520 20 0.0086393 0.0002305 8.34e-05 7.54e-05 
36570 20 0.008902 0.0002391 8.41e-05 7.62e-05 
36620 20 0.0092191 0.0002568 8.85e-05 7.94e-05 
36670 20 0.0086911 0.0002368 8.34e-05 7.5e-05 
36720 20 0.0086933 0.0002499 8.81e-05 7.9e-05 
36770 20 0.0088644 0.000235 8.64e-05 7.82e-05 
36820 20 0.008754 0.0002433 8.76e-05 8.08e-05 
36870 20 0.0087636 0.0002514 8.38e-05 7.56e-05 
36920 20 0.009165 0.000235 8.07e-05 7.19e-05 
36970 20 0.0088071 0.0002608 8.83e-05 7.82e-05 
37020 20 0.0091447 0.0002489 8.5e-05 7.63e-05 
37070 20 0.0088498 0.0002502 8.49e-05 7.84e-05 
37120 20 0.0088633 0.0002271 7.85e-05 6.91e-05 
37170 20 0.0088978 0.0002356 8.59e-05 7.84e-05 
37220 20 0.0089806 0.0002433 8.15e-05 7.51e-05 
37270 20 0.0088577 0.0002558 9.04e-05 8.17e-05 
37320 20 0.0088436 0.0002197 8.06e-05 7.16e-05 
37370 20 0.0089203 0.0002392 8.69e-05 7.66e-05 
37420 20 0.0090009 0.000248 8.68e-05 7.82e-05 
37470 20 0.008901 0.0002396 8.86e-05 7.86e-05 
37520 20 0.0088573 0.0002354 8.29e-05 7.59e-05 
37570 20 0.0094788 0.000256 8.76e-05 8.01e-05 
37620 20 0.0090921 0.0002481 8.65e-05 7.81e-05 
37670 20 0.0091658 0.0002489 8.51e-05 7.76e-05 
37720 20 0.0091166 0.0002772 8.96e-05 8.24e-05 
37770 20 0.0091106 0.0002402 8.52e-05 7.86e-05 
37820 20 0.0091054 0.0002374 8.71e-05 8.05e-05 
37870 20 0.0091639 0.0002401 8.97e-05 8.1e-05 
37920 20 0.0093032 0.0002429 8.42e-05 7.49e-05 
37970 20 0.0097727 0.0002457 8.35e-05 7.5e-05 
38020 20 0.0091517 0.000255 9.03e-05 8.26e-05 
38070 20 0.0094201 0.000233 8.68e-05 7.94e-05 
38120 20 0.0091735 0.0002249 8.27e-05 7.79e-05 
38170 20 0.009293 0.0002237 8.41e-05 7.51e-05 
38220 20 0.0092383 0.0002592 9.33e-05 8.42e-05 
38270 20 0.0092474 0.0002262 8.68e-05 7.98e-05 
38320 20 0.0103703 0.0002617 9.27e-05 8.35e-05 
38370 20 0.0092017 0.0002477 8.11e-05 7.34e-05 
38420 20 0.009292 0.0002462 8.68e-05 7.88e-05 
38470 20 0.0097938 0.000228 8.68e-05 7.73e-05 
38520 20 0.0095458 0.000241 8.86e-05 8.02e-05 
38570 20 0.0093357 0.0002423 8.41e-05 7.68e-05 
38620 20 0.0097405 0.0002348 8.64e-05 7.84e-05 
38670 20 0.0094692 0.0002387 8.89e-05 8.06e-05 
38720 20 0.0094356 0.000262 9.15e-05 8.29e-05 
38770 20 0.0099228 0.0002367 8.83e-05 7.97e-05 
38820 20 0.0104872 0.0002701 9.49e-05 8.72e-05 
38870 20 0.0094371 0.0002268 8.62e-05 7.66e-05 
38920 20 0.0096107 0.0002355 8.47e-05 7.66e-05 
38970 20 0.0095644 0.0002253 8.79e-05 7.97e-05 
39020 20 0.0095127 0.0002534 8.41e-05 7.43e-05 
39070 20 0.0095857 0.0002543 8.81e-05 8.01e-05 
39120 20 0.0096291 0.0002424 8.45e-05 7.55e-05 
39170 20 0.0095534 0.0002249 8.54e-05 7.56e-05 
39220 20 0.0095615 0.0002202 8.52e-05 7.54e-05 
39270 20 0.0101957 0.0002241 8.08e-05 7.06e-05 
39320 20 0.0095673 0.0002371 8.37e-05 7.58e-05 
39370 20 0.0098137 0.000221 8.49e-05 7.5e-05 
39420 20 0.0097724 0.0002352 8.19e-05 7.28e-05 
39470 20 0.0097311 0.0002234 7.87e-05 6.9e-05 
39520 20 0.0097367 0.0002613 8.57e-05 7.61e-05 
39570 20 0.0099099 0.0002426 7.94e-05 7.09e-05 
39620 20 0.0098833 0.000232 8.01e-05 7.09e-05 
39670 20 0.009857 0.0002426 8.46e-05 7.78e-05 
39720 20 0.0098501 0.0002331 7.95e-05 7.11e-05 
39770 20 0.0099319 0.0002432 8.31e-05 7.59e-05 
39820 20 0.0104385 0.0002409 8.68e-05 7.69e-05 
39870 20 0.0101732 0.0002455 8.74e-05 7.98e-05 
39920 20 0.0105904 0.0002469 8.83e-05 8.07e-05 
39970 20 0.009931 0.0002435 8.43e-05 7.5e-05 
40020 20 0.0100003 0.0002569 8.35e-05 7.59e-05 
40070 20 0.0101989 0.0002632 8.71e-05 7.95e-05 
40120 20 0.0100326 0.0002265 8.02e-05 7.18e-05 
40170 20 0.010061 0.0002312 8.16e-05 7.33e-05 
40220 20 0.0100873 0.0002256 8.31e-05 7.22e-05 
40270 20 0.0099718 0.000259 8.89e-05 8e-05 
40320 20 0.0100431 0.0002403 8.3e-05 7.34e-05 
40370 20 0.0100932 0.0002585 9.09e-05 8.26e-05 
40420 20 0.0102137 0.0002522 8.14e-05 7.24e-05 
40470 20 0.0100906 0.000245 8.49e-05 7.65e-05 
40520 20 0.0112604 0.000253 9.11e-05 8.21e-05 
40570 20 0.0104762 0.0002688 9.19e-05 8.23e-05 
40620 20 0.0101107 0.000237 8.45e-05 7.46e-05 
40670 20 0.0101806 0.0002461 8.21e-05 7.39e-05 
40720 20 0.0105342 0.0002645 8.74e-05 7.91e-05 
40770 20 0.0103048 0.0002428 9.12e-05 8.31e-05 
40820 20 0.0102727 0.0002306 7.95e-05 6.89e-05 
40870 20 0.0103294 0.000246 9.03e-05 8.09e-05 
40920 20 0.0104975 0.0002627 8.55e-05 7.86e-05 
40970 20 0.0102972 0.0002405 8.44e-05 7.65e-05 
41020 20 0.0103401 0.0002238 7.88e-05 7.16e-05 
41070 20 0.0103094 0.0002382 8.63e-05 7.71e-05 
41120 20 0.0102965 0.0002347 8.7e-05 7.71e-05 
41170 20 0.0103347 0.0002396 8.42e-05 7.78e-05 
41220 20 0.0103378 0.0002444 8.47e-05 7.62e-05 
41270 20 0.0104106 0.000269 8.71e-05 7.8e-05 
41320 20 0.0104648 0.0002434 8.74e-05 8.2e-05 
41370 20 0.0104848 0.0002353 8.67e-05 7.72e-05 
41420 20 0.0105394 0.0002542 8.75e-05 7.81e-05 
41470 20 0.010538 0.0002618 8.79e-05 7.89e-05 
41520 20 0.0105486 0.0002464 8.53e-05 7.65e-05 
41570 20 0.0112246 0.0002369 8.22e-05 7.63e-05 
41620 20 0.0108518 0.0002449 8.84e-05 7.97e-05 
41670 20 0.010926 0.0002104 8.45e-05 7.43e-05 
41720 20 0.010761 0.0002436 8.86e-05 8.05e-05 
41770 20 0.0107037 0.0002443 8.55e-05 7.77e-05 
41820 20 0.0109479 0.0002436 8.79e-05 7.95e-05 
41870 20 0.0106599 0.0002733 8.98e-05 8.11e-05 
41920 20 0.0107285 0.0002431 8.85e-05 8.06e-05 
41970 20 0.010587 0.0002378 8.16e-05 7.22e-05 
42020 20 0.0111202 0.0002501 8.7e-05 7.83e-05 
42070 20 0.0108284 0.0002517 8.58e-05 7.79e-05 
42120 20 0.0106918 0.0002528 9.09e-05 8.13e-05 
42170 20 0.0108111 0.0002669 8.86e-05 8.05e-05 
42220 20 0.0107932 0.0002671 8.72e-05 8.04e-05 
42270 20 0.0107866 0.000245 8.65e-05 7.66e-05 
42320 20 0.0109388 0.0002492 8.78e-05 8.06e-05 
42370 20 0.0107838 0.0002204 7.98e-05 7.1e-05 
42420 20 0.0110434 0.0002489 8.95e-05 8.17e-05 
42470 20 0.0109406 0.0002457 8.46e-05 7.72e-05 
42520 20 0.0109069 0.0002407 8.84e-05 7.96e-05 
42570 20 0.0108564 0.0002548 8.66e-05 7.9e-05 
42620 20 0.0110129 0.0002309 8.39e-05 7.51e-05 
42670 20 0.0113501 0.0002313 8.55e-05 7.76e-05 
42720 20 0.0112523 0.0002466 8.14e-05 7.3e-05 
42770 20 0.0111266 0.0002685 9.17e-05 8.37e-05 
42820 20 0.0110751 0.0002474 8.48e-05 7.79e-05 
42870 20 0.0109688 0.0002331 8.64e-05 7.71e-05 
42920 20 0.0111015 0.0002527 8.7e-05 7.94e-05 
42970 20 0.0111264 0.0002343 8.18e-05 7.42e-05 
43020 20 0.0111026 0.0002635 8.72e-05 7.84e-05 
43070 20 0.0112164 0.0002377 8.47e-05 7.62e-05 
43120 20 0.0111324 0.0002443 8.54e-05 7.68e-05 
43170 20 0.0112934 0.0002663 9.26e-05 8.6e-05 
43220 20 0.0112361 0.0002461 8.43e-05 7.59e-05 
43270 20 0.0117825 0.0002514 8.73e-05 7.86e-05 
43320 20 0.0119884 0.000256 9.25e-05 8.15e-05 
43370 20 0.0117371 0.0002669 9.06e-05 8.17e-05 
43420 20 0.0116841 0.0002501 9.09e-05 7.96e-05 
43470 20 0.0116361 0.0002542 9.04e-05 8.01e-05 
43520 20 0.0113356 0.0002431 8.42e-05 7.71e-05 
43570 20 0.0113555 0.0002578 8.67e-05 7.78e-05 
43620 20 0.0113723 0.0002445 8.91e-05 8.13e-05 
43670 20 0.0114416 0.0002683 9.18e-05 8.41e-05 
43720 20 0.011352 0.0002655 8.78e-05 8.04e-05 
43770 20 0.0114134 0.0002632 9.06e-05 8.15e-05 
43820 20 0.0118037 0.0002374 8.32e-05 7.38e-05 
43870 20 0.0114333 0.0002282 8.6e-05 7.8e-05 
43920 20 0.0114458 0.0002509 9.05e-05 8.22e-05 
43970 20 0.0117808 0.0002384 8.61e-05 7.95e-05 
44020 20 0.011534 0.0002421 8.85e-05 7.96e-05 
44070 20 0.0114581 0.0002573 8.44e-05 7.57e-05 
44120 20 0.011654 0.0002512 8.9e-05 8.15e-05 
44170 20 0.0117193 0.0002582 8.86e-05 7.94e-05 
44220 20 0.0118893 0.0002258 8.49e-05 7.53e-05 
44270 20 0.0116881 0.0002432 8.83e-05 7.94e-05 
44320 20 0.0118618 0.0002485 8.61e-05 7.86e-05 
44370 20 0.0116927 0.0002433 8.42e-05 7.57e-05 
44420 20 0.011678 0.0002395 8.5e-05 7.56e-05 
44470 20 0.0122176 0.0002484 8.39e-05 7.59e-05 
44520 20 0.0123083 0.0002524 8.8e-05 8.19e-05 
44570 20 0.011684 0.0002425 8.86e-05 8.07e-05 
44620 20 0.0117941 0.0002669 9.12e-05 8.23e-05 
44670 20 0.0121046 0.0002698 8.74e-05 8e-05 
44720 20 0.0121694 0.0002573 9.04e-05 8.16e-05 
44770 20 0.0119471 0.0002456 8.55e-05 7.5e-05 
44820 20 0.0118212 0.0002344 8.54e-05 7.69e-05 
44870 20 0.0118448 0.0002679 9.09e-05 8.3e-05 
44920 20 0.0118311 0.000242 8.83e-05 7.94e-05 
44970 20 0.0119057 0.0002298 8.64e-05 9.04e-05 
45020 20 0.0121565 0.0002276 8.3e-05 7.78e-05 
45070 20 0.0121856 0.0002506 8.75e-05 8.05e-05 
45120 20 0.0122342 0.000246 9.01e-05 8.26e-05 
45170 20 0.0118946 0.0002407 8.88e-05 7.91e-05 
45220 20 0.0120206 0.0002526 9.01e-05 8.23e-05 
45270 20 0.0120153 0.0002466 8.32e-05 7.45e-05 
45320 20 0.0122455 0.0002551 9.15e-05 8.1e-05 
45370 20 0.0120245 0.0002622 8.81e-05 7.86e-05 
45420 20 0.0122303 0.0002306 8.24e-05 7.44e-05 
45470 20 0.0125578 0.0002477 8.41e-05 7.66e-05 
45520 20 0.0121192 0.0002438 8.95e-05 7.95e-05 
45570 20 0.0121372 0.0002546 8.75e-05 7.93e-05 
45620 20 0.012134 0.0002607 9.08e-05 8.1e-05 
45670 20 0.0123246 0.0002539 8.44e-05 7.62e-05 
45720 20 0.0123066 0.0002318 8.59e-05 7.75e-05 
45770 20 0.0122119 0.0002391 8.64e-05 7.84e-05 
45820 20 0.0121415 0.0002514 8.62e-05 7.72e-05 
45870 20 0.0126245 0.0002373 8.55e-05 7.65e-05 
45920 20 0.012779 0.0002511 8.3e-05 7.46e-05 
45970 20 0.0121805 0.0002729 9.07e-05 8.34e-05 
46020 20 0.0125726 0.000218 8.33e-05 7.47e-05 
46070 20 0.0126405 0.000261 8.77e-05 7.84e-05 
46120 20 0.012288 0.0002399 8.93e-05 8.09e-05 
46170 20 0.0126987 0.0002519 8.72e-05 7.92e-05 
46220 20 0.0126902 0.0002417 8.41e-05 7.44e-05 
46270 20 0.012532 0.0002372 8.38e-05 7.41e-05 
46320 20 0.0123443 0.0002429 8.97e-05 7.97e-05 
46370 20 0.0124051 0.0002332 8.61e-05 7.86e-05 
46420 20 0.0125139 0.0002536 8.5e-05 7.85e-05 
46470 20 0.01272 0.0002353 8.55e-05 7.65e-05 
46520 20 0.0128317 0.0002533 8.53e-05 7.64e-05 
46570 20 0.0127721 0.000234 8.75e-05 7.86e-05 
46620 20 0.0125686 0.0002534 8.87e-05 8.12e-05 
46670 20 0.0125366 0.0002448 8.92e-05 8.09e-05 
46720 20 0.0129251 0.000261 9.08e-05 8.36e-05 
46770 20 0.0126515 0.0002481 8.3e-05 7.72e-05 
46820 20 0.0126404 0.0002572 8.83e-05 7.78e-05 
46870 20 0.0126133 0.0002533 8.63e-05 7.85e-05 
46920 20 0.0125865 0.0002447 8.75e-05 7.74e-05 
46970 20 0.0129278 0.000264 9.21e-05 8.2e-05 
47020 20 0.0126947 0.0002497 8.5e-05 7.61e-05 
47070 20 0.0128055 0.0002574 8.76e-05 7.88e-05 
47120 20 0.0127316 0.0002524 8.63e-05 7.7e-05 
47170 20 0.0128429 0.0002339 8.57e-05 7.59e-05 
47220 20 0.0131827 0.0002765 9.04e-05 8.2e-05 
47270 20 0.0133553 0.000246 8.24e-05 7.36e-05 
47320 20 0.0129359 0.0002605 9.32e-05 8.47e-05 
47370 20 0.0131108 0.0002405 9.13e-05 8.28e-05 
47420 20 0.0128792 0.0002537 8.86e-05 8.04e-05 
47470 20 0.0128313 0.0002529 8.83e-05 8.06e-05 
47520 20 0.0132771 0.0002514 8.94e-05 7.78e-05 
47570 20 0.0128007 0.0002442 8.58e-05 7.46e-05 
47620 20 0.0128807 0.0002224 8.54e-05 7.58e-05 
47670 20 0.0130458 0.0002458 8.75e-05 7.7e-05 
47720 20 0.012981 0.000255 8.76e-05 7.83e-05 
47770 20 0.0133143 0.0002445 8.73e-05 7.84e-05 
47820 20 0.0131965 0.0002454 8.55e-05 7.57e-05 
47870 20 0.0132137 0.000257 8.66e-05 7.82e-05 
47920 20 0.0130968 0.0002783 9.37e-05 8.55e-05 
47970 20 0.0131945 0.0002508 9.65e-05 8.74e-05 
48020 20 0.0130855 0.0002417 8.8e-05 7.93e-05 
48070 20 0.0131487 0.0002376 8.61e-05 7.68e-05 
48120 20 0.0135267 0.0002649 9.51e-05 8.48e-05 
48170 20 0.0131275 0.0002383 8.41e-05 7.49e-05 
48220 20 0.0130573 0.0002411 8.67e-05 7.83e-05 
48270 20 0.0131429 0.0002552 8.77e-05 7.84e-05 
48320 20 0.013968 0.0002444 8.85e-05 8.24e-05 
48370 20 0.014172 0.0002177 8.06e-05 7.07e-05 
48420 20 0.0139046 0.0002487 8.75e-05 8.19e-05 
48470 20 0.0132255 0.0002615 8.77e-05 7.82e-05 
48520 20 0.0132607 0.0002382 8.46e-05 7.62e-05 
48570 20 0.0133248 0.00025 8.75e-05 7.82e-05 
48620 20 0.013566 0.0002561 9.42e-05 8.68e-05 
48670 20 0.0133176 0.0002338 8.11e-05 7.27e-05 
48720 20 0.0132975 0.0002457 8.98e-05 8.04e-05 
48770 20 0.0134077 0.0002573 8.79e-05 8.06e-05 
48820 20 0.0133568 0.0002452 9.06e-05 8.33e-05 
48870 20 0.013412 0.0002306 8.99e-05 8.19e-05 
48920 20 0.0134253 0.0002498 8.2e-05 7.37e-05 
48970 20 0.0134316 0.0002627 9.54e-05 8.59e-05 
49020 20 0.0134337 0.0002652 8.77e-05 7.85e-05 
49070 20 0.0134592 0.0002612 8.89e-05 8e-05 
49120 20 0.0136169 0.0002369 8.36e-05 7.51e-05 
49170 20 0.0134661 0.0002371 8.51e-05 7.73e-05 
49220 20 0.0135539 0.0002545 8.96e-05 8.07e-05 
49270 20 0.0136074 0.0002516 9.32e-05 8.35e-05 
49320 20 0.0139205 0.0002578 9.43e-05 8.25e-05 
49370 20 0.0135579 0.0002541 8.55e-05 7.61e-05 
49420 20 0.0137835 0.0002586 8.93e-05 7.9e-05 
49470 20 0.0136077 0.0002666 8.41e-05 7.34e-05 
49520 20 0.0136576 0.0002357 8.17e-05 7.25e-05 
49570 20 0.0136199 0.0002544 8.67e-05 7.85e-05 
49620 20 0.0137447 0.0002741 8.51e-05 7.64e-05 
49670 20 0.0142053 0.0002412 8.47e-05 7.72e-05 
49720 20 0.0138355 0.0002568 8.92e-05 8.13e-05 
49770 20 0.0137953 0.0002623 9.17e-05 8.3e-05 
49820 20 0.0137667 0.000271 8.66e-05 7.83e-05 
49870 20 0.0141541 0.0002482 8.43e-05 7.42e-05 
49920 20 0.0138728 0.0002424 8.56e-05 7.73e-05 
49970 20 0.0139274 0.0002405 8.53e-05 7.66e-05 
50020 20 0.0141723 0.0002616 8.91e-05 8.02e-05 
50070 20 0.0140683 0.0002563 8.65e-05 7.76e-05 
50120 20 0.0144172 0.000268 8.95e-05 8.05e-05 
50170 20 0.0141331 0.0002746 9.1e-05 8.4e-05 
50220 20 0.0140303 0.0002384 8.59e-05 7.76e-05 
50270 20 0.0145507 0.0002748 9.44e-05 8.61e-05 
50320 20 0.0138971 0.0002403 8.63e-05 7.82e-05 
50370 20 0.0139711 0.000241 8.69e-05 7.88e-05 
50420 20 0.0140865 0.0002441 8.54e-05 7.7e-05 
50470 20 0.0140332 0.0002587 8.51e-05 7.53e-05 
50520 20 0.0139592 0.0002509 8.73e-05 7.87e-05 
50570 20 0.0143967 0.0002443 8.4e-05 7.49e-05 
50620 20 0.0140645 0.000252 9.19e-05 8.45e-05 
50670 20 0.014302 0.0002623 9.02e-05 8.51e-05 
50720 20 0.0144091 0.0002538 8.32e-05 7.35e-05 
50770 20 0.0143994 0.0002662 8.96e-05 8.19e-05 
50820 20 0.014576 0.0002541 8.71e-05 7.84e-05 
50870 20 0.0143804 0.0002602 9.03e-05 8.26e-05 
50920 20 0.014183 0.000246 9.04e-05 8.12e-05 
50970 20 0.0142105 0.0002492 9.11e-05 8.23e-05 
51020 20 0.0147283 0.0002654 8.8e-05 7.91e-05 
51070 20 0.0145278 0.0002649 8.87e-05 8.13e-05 
51120 20 0.0147453 0.0002515 8.54e-05 7.71e-05 
51170 20 0.0146748 0.0002625 9.06e-05 8.59e-05 
51220 20 0.0144947 0.0002485 8.53e-05 7.62e-05 
51270 20 0.0143112 0.0002544 9.05e-05 8.18e-05 
51320 20 0.0143423 0.0002565 8.66e-05 7.79e-05 
51370 20 0.0143983 0.000268 9.16e-05 8.3e-05 
51420 20 0.0145685 0.0002606 9.47e-05 8.73e-05 
51470 20 0.014622 0.0002429 8.47e-05 7.52e-05 
51520 20 0.0149154 0.0002619 8.59e-05 7.83e-05 
51570 20 0.0145579 0.0002566 8.86e-05 7.92e-05 
51620 20 0.0145298 0.0002664 8.82e-05 7.88e-05 
51670 20 0.0145744 0.0002703 8.88e-05 7.99e-05 
51720 20 0.0145784 0.0002491 8.75e-05 8.14e-05 
51770 20 0.0144978 0.0002486 8.86e-05 7.77e-05 
51820 20 0.0144956 0.0002421 8.19e-05 7.45e-05 
51870 20 0.0148499 0.0002578 8.92e-05 8.06e-05 
51920 20 0.0149307 0.0002452 8.88e-05 7.94e-05 
51970 20 0.0149546 0.000234 8.45e-05 7.4e-05 
52020 20 0.0146216 0.0002266 8.13e-05 7.16e-05 
52070 20 0.0146369 0.0002347 8.16e-05 7.3e-05 
52120 20 0.0146456 0.0002613 9.41e-05 8.6e-05 
52170 20 0.014654 0.0002442 9.06e-05 8.37e-05 
52220 20 0.0146607 0.0002671 8.64e-05 7.76e-05 
52270 20 0.0150978 0.000266 9.06e-05 8.28e-05 
52320 20 0.01494 0.0002607 8.21e-05 7.31e-05 
52370 20 0.0151833 0.0002532 8.81e-05 7.91e-05 
52420 20 0.0152757 0.0002468 8.45e-05 7.73e-05 
52470 20 0.0150524 0.0002624 8.82e-05 7.96e-05 
52520 20 0.0148368 0.0002372 8.29e-05 7.27e-05 
52570 20 0.0149118 0.0002548 8.99e-05 8.24e-05 
52620 20 0.0151149 0.0002365 8.39e-05 7.4e-05 
52670 20 0.0148976 0.000248 8.95e-05 8.08e-05 
52720 20 0.0150534 0.0002567 9.06e-05 8.06e-05 
52770 20 0.0152084 0.0002486 8.51e-05 7.68e-05 
52820 20 0.0151454 0.0002778 9.19e-05 8.46e-05 
52870 20 0.0149948 0.0002668 9.16e-05 8.14e-05 
52920 20 0.0150417 0.0002324 8.47e-05 7.41e-05 
52970 20 0.0151515 0.0002827 9.42e-05 8.62e-05 
53020 20 0.0151734 0.000238 8.75e-05 7.59e-05 
53070 20 0.0157926 0.0002817 9.17e-05 8.35e-05 
53120 20 0.0149228 0.0002601 8.86e-05 7.96e-05 
53170 20 0.0152264 0.0002387 8.69e-05 7.79e-05 
53220 20 0.0157013 0.0002473 8.76e-05 8.13e-05 
53270 20 0.0150921 0.0002616 9.39e-05 8.38e-05 
53320 20 0.0153801 0.0002476 8.34e-05 7.52e-05 
53370 20 0.0151791 0.0002586 8.66e-05 7.59e-05 
53420 20 0.015159 0.000251 8.64e-05 7.78e-05 
53470 20 0.0152348 0.0002611 8.71e-05 7.66e-05 
53520 20 0.0155268 0.0002564 9.16e-05 8.12e-05 
53570 20 0.0153065 0.0002463 9.08e-05 7.96e-05 
53620 20 0.0155635 0.0002562 8.82e-05 8.04e-05 
53670 20 0.0162288 0.0003006 0.0001 8.97e-05 
53720 20 0.0153785 0.0002613 9.25e-05 8.36e-05 
53770 20 0.0153261 0.0002367 8.49e-05 7.63e-05 
53820 20 0.0157137 0.0002599 8.97e-05 7.94e-05 
53870 20 0.0154222 0.0002635 9.01e-05 7.93e-05 
53920 20 0.0156421 0.0002781 9.26e-05 8.58e-05 
53970 20 0.0156135 0.0002189 8.23e-05 7.41e-05 
54020 20 0.0154786 0.0002568 9.09e-05 8.22e-05 
54070 20 0.0156811 0.0002531 8.81e-05 7.85e-05 
54120 20 0.0160501 0.0002465 9.19e-05 8.19e-05 
54170 20 0.0155128 0.0002413 8.03e-05 7.24e-05 
54220 20 0.0163158 0.0002763 9.34e-05 8.43e-05 
54270 20 0.0155332 0.0002244 7.7e-05 6.96e-05 
54320 20 0.0157675 0.0002394 8.3e-05 7.41e-05 
54370 20 0.0158641 0.000243 8.77e-05 7.93e-05 
54420 20 0.0155937 0.0002491 8.75e-05 7.86e-05 
54470 20 0.0158941 0.0002669 9.03e-05 8.21e-05 
54520 20 0.0158495 0.0002697 9.26e-05 8.46e-05 
54570 20 0.0157868 0.0002546 8.89e-05 7.87e-05 
54620 20 0.0158097 0.0002295 8.33e-05 7.46e-05 
54670 20 0.0156827 0.0002477 9.04e-05 8.02e-05 
54720 20 0.0157558 0.0002762 9.16e-05 8.27e-05 
54770 20 0.0160255 0.0002452 8.52e-05 7.47e-05 
54820 20 0.0157572 0.0002627 8.75e-05 7.82e-05 
54870 20 0.0157563 0.000245 8.64e-05 7.67e-05 
54920 20 0.0158311 0.0002245 8.39e-05 7.28e-05 
54970 20 0.0166162 0.0002618 8.91e-05 8.17e-05 
55020 20 0.0157919 0.0002628 8.68e-05 7.96e-05 
55070 20 0.0158878 0.0002464 8.59e-05 7.58e-05 
55120 20 0.0158442 0.000247 8.73e-05 7.88e-05 
55170 20 0.0162425 0.000275 9.56e-05 8.65e-05 
55220 20 0.0160119 0.0002716 8.81e-05 7.84e-05 
55270 20 0.0161667 0.0002579 8.97e-05 8.04e-05 
55320 20 0.0163574 0.0002491 8.56e-05 7.54e-05 
55370 20 0.0160974 0.0002376 8.75e-05 7.93e-05 
55420 20 0.0161225 0.0002384 8.39e-05 7.59e-05 
55470 20 0.0165606 0.000275 9.08e-05 8.13e-05 
55520 20 0.016027 0.0002327 8.37e-05 7.49e-05 
55570 20 0.0160528 0.0002637 8.85e-05 8.23e-05 
55620 20 0.0164017 0.0002838 9.22e-05 8.36e-05 
55670 20 0.0164287 0.0002623 9.01e-05 8.13e-05 
55720 20 0.0160511 0.0002401 9.04e-05 8.17e-05 
55770 20 0.0162437 0.0002649 9.26e-05 8.34e-05 
55820 20 0.0165784 0.000238 9.45e-05 8.46e-05 
55870 20 0.0161518 0.0002597 9.11e-05 8.32e-05 
55920 20 0.016132 0.0002719 8.85e-05 8e-05 
55970 20 0.0162204 0.0002578 8.89e-05 7.93e-05 
56020 20 0.0167289 0.0002472 8.5e-05 7.56e-05 
56070 20 0.0161872 0.0002774 8.97e-05 8.08e-05 
56120 20 0.0165051 0.0002275 8.7e-05 7.82e-05 
56170 20 0.0167072 0.0002532 8.6e-05 8.02e-05 
56220 20 0.0166713 0.0002365 8.62e-05 7.71e-05 
56270 20 0.0162499 0.000231 8.66e-05 7.73e-05 
56320 20 0.0164013 0.0002766 9.17e-05 8.32e-05 
56370 20 0.0165847 0.0002549 8.95e-05 7.84e-05 
56420 20 0.0167371 0.0002707 9.29e-05 8.38e-05 
56470 20 0.0163725 0.0002597 8.86e-05 7.8e-05 
56520 20 0.0164293 0.0002648 9.27e-05 8.24e-05 
56570 20 0.0164936 0.0002677 9.5e-05 8.6e-05 
56620 20 0.0169458 0.0002801 9.15e-05 8.48e-05 
56670 20 0.0169493 0.000265 9.21e-05 8.37e-05 
56720 20 0.0166137 0.0002441 9.38e-05 8.5e-05 
56770 20 0.0167784 0.0002643 8.74e-05 7.85e-05 
56820 20 0.0165841 0.0002638 9.29e-05 8.48e-05 
56870 20 0.0166291 0.0002449 9.15e-05 8.32e-05 
56920 20 0.0169631 0.0002597 9.22e-05 8.6e-05 
56970 20 0.0167559 0.0002548 8.74e-05 8.13e-05 
57020 20 0.0167949 0.0002565 8.66e-05 7.89e-05 
57070 20 0.0168705 0.0002414 8.65e-05 7.7e-05 
57120 20 0.0168927 0.0002563 8.91e-05 8.27e-05 
57170 20 0.0177112 0.0002916 9.93e-05 9.22e-05 
57220 20 0.0165919 0.0002654 8.82e-05 7.97e-05 
57270 20 0.016709 0.000252 9.02e-05 8.22e-05 
57320 20 0.0170075 0.000254 8.83e-05 7.97e-05 
57370 20 0.0167991 0.0002404 8.28e-05 7.38e-05 
57420 20 0.0172872 0.0002542 9.07e-05 8.11e-05 
57470 20 0.0171058 0.0002529 8.66e-05 7.84e-05 
57520 20 0.016793 0.000265 8.92e-05 8.03e-05 
57570 20 0.017042 0.0002614 9.19e-05 8.04e-05 
57620 20 0.0167567 0.0002769 9.24e-05 8.41e-05 
57670 20 0.0171026 0.0002523 8.34e-05 7.41e-05 
57720 20 0.0168838 0.0002805 9.28e-05 8.7e-05 
57770 20 0.016959 0.0002522 8.8e-05 7.72e-05 
57820 20 0.0175754 0.0002456 8.84e-05 7.96e-05 
57870 20 0.0171559 0.0002334 8.71e-05 7.82e-05 
57920 20 0.0169019 0.0002595 8.79e-05 7.98e-05 
57970 20 0.0169104 0.0002417 8.54e-05 7.63e-05 
58020 20 0.0172825 0.0002479 8.54e-05 7.81e-05 
58070 20 0.0171869 0.0002633 8.93e-05 8.21e-05 
58120 20 0.017018 0.0002556 9.23e-05 8.42e-05 
58170 20 0.0175776 0.0002678 8.91e-05 8.13e-05 
58220 20 0.0172837 0.000274 9.23e-05 8.33e-05 
58270 20 0.0170864 0.0002433 8.34e-05 7.38e-05 
58320 20 0.0172772 0.0002644 8.82e-05 8.23e-05 
58370 20 0.0174694 0.0002468 8.45e-05 7.49e-05 
58420 20 0.0174084 0.0002506 9.18e-05 8.19e-05 
58470 20 0.0177175 0.0002524 8.54e-05 7.6e-05 
58520 20 0.0175069 0.0002738 9.32e-05 8.32e-05 
58570 20 0.0173725 0.0002693 9.23e-05 8.38e-05 
58620 20 0.0177222 0.0002459 8.43e-05 7.52e-05 
58670 20 0.0172226 0.0002577 9.08e-05 8.23e-05 
58720 20 0.0177554 0.00026 8.85e-05 8.25e-05 
58770 20 0.0173062 0.0002424 8.06e-05 7.09e-05 
58820 20 0.0179219 0.0002748 9.11e-05 8.19e-05 
58870 20 0.0173187 0.0002548 9.5e-05 8.55e-05 
58920 20 0.0179375 0.0002643 8.87e-05 7.93e-05 
58970 20 0.0174627 0.0002459 9.09e-05 8.19e-05 
59020 20 0.0176572 0.0002483 8.38e-05 7.39e-05 
59070 20 0.0178701 0.0002611 8.57e-05 7.59e-05 
59120 20 0.017642 0.0002691 9.23e-05 8.11e-05 
59170 20 0.0174536 0.000273 9.46e-05 8.35e-05 
59220 20 0.0175097 0.0002429 8.57e-05 7.58e-05 
59270 20 0.0175121 0.0002446 8.55e-05 7.55e-05 
59320 20 0.0175177 0.0002415 8.91e-05 8e-05 
59370 20 0.0178786 0.0002543 8.84e-05 8.01e-05 
59420 20 0.0175927 0.0002644 9.07e-05 8.43e-05 
59470 20 0.0178667 0.0002759 8.96e-05 8.07e-05 
59520 20 0.017789 0.0002856 9.4e-05 8.48e-05 
59570 20 0.0177319 0.000258 9.04e-05 8.3e-05 
59620 20 0.0178385 0.000266 8.97e-05 8.06e-05 
59670 20 0.0176641 0.0002481 8.82e-05 7.88e-05 
59720 20 0.0182983 0.0002626 8.68e-05 7.74e-05 
59770 20 0.0179667 0.0002532 8.68e-05 7.73e-05 
59820 20 0.0177736 0.0002479 8.59e-05 7.74e-05 
59870 20 0.017718 0.0002651 8.65e-05 7.61e-05 
59920 20 0.0182443 0.0002793 9.48e-05 8.79e-05 
59970 20 0.0178146 0.0002498 8.89e-05 8.08e-05 
60020 20 0.0179796 0.0002627 8.8e-05 7.75e-05 
60070 20 0.0177663 0.0002667 8.85e-05 8e-05 
60120 20 0.017883 0.0002734 9.05e-05 8.14e-05 
60170 20 0.0178679 0.0002403 8.87e-05 8.06e-05 
60220 20 0.0186355 0.0002533 8.97e-05 7.91e-05 
60270 20 0.017891 0.0002652 9.24e-05 8.58e-05 
60320 20 0.018001 0.0002609 8.78e-05 7.88e-05 
60370 20 0.0179283 0.0002442 8.08e-05 7.18e-05 
60420 20 0.0182336 0.0002674 8.81e-05 7.84e-05 
60470 20 0.017972 0.0002794 9.17e-05 8.38e-05 
60520 20 0.0181555 0.0002616 8.74e-05 7.87e-05 
60570 20 0.0179463 0.0002728 8.94e-05 8.06e-05 
60620 20 0.0180103 0.000278 9.14e-05 8.3e-05 
60670 20 0.0182421 0.0002424 8.47e-05 7.64e-05 
60720 20 0.0185157 0.0002526 8.88e-05 8.01e-05 
60770 20 0.0181154 0.000281 8.93e-05 8e-05 
60820 20 0.0181757 0.0002619 8.98e-05 8.04e-05 
60870 20 0.0180975 0.000252 8.92e-05 8.04e-05 
60920 20 0.0181413 0.0002523 9.27e-05 8.29e-05 
60970 20 0.0181984 0.000266 9.07e-05 8.06e-05 
61020 20 0.0183748 0.0002475 9.06e-05 8.13e-05 
61070 20 0.0184946 0.0002684 9.21e-05 8.34e-05 
61120 20 0.0181812 0.0002398 8.87e-05 8.12e-05 
61170 20 0.0183409 0.0002506 9.23e-05 8.43e-05 
61220 20 0.0186266 0.0002949 9.22e-05 8.34e-05 
61270 20 0.0185015 0.0002575 8.56e-05 7.65e-05 
61320 20 0.018302 0.0002574 8.91e-05 7.93e-05 
61370 20 0.0183115 0.0002384 8.83e-05 7.92e-05 
61420 20 0.0188237 0.0002714 9.1e-05 7.99e-05 
61470 20 0.0184565 0.0002389 8.73e-05 7.74e-05 
61520 20 0.0184027 0.0002409 8.37e-05 7.5e-05 
61570 20 0.0186788 0.0002623 8.8e-05 7.8e-05 
61620 20 0.0184027 0.0002532 8.79e-05 7.86e-05 
61670 20 0.0185814 0.0003033 9.66e-05 8.96e-05 
61720 20 0.0185023 0.000244 8.86e-05 7.89e-05 
61770 20 0.0189196 0.0002434 8.96e-05 7.81e-05 
61820 20 0.0185074 0.0002882 9.44e-05 8.39e-05 
61870 20 0.0189974 0.0002522 9.02e-05 8.09e-05 
61920 20 0.0187442 0.0002573 9.2e-05 8.3e-05 
61970 20 0.018784 0.0002739 9.13e-05 8.27e-05 
62020 20 0.0185911 0.0002745 9.23e-05 8.38e-05 
62070 20 0.0192279 0.000271 9.34e-05 8.22e-05 
62120 20 0.018691 0.0002532 9.45e-05 8.52e-05 
62170 20 0.0187621 0.0002548 9e-05 8.08e-05 
62220 20 0.0189107 0.0002851 9.6e-05 8.51e-05 
62270 20 0.0191389 0.0002657 9.48e-05 8.81e-05 
62320 20 0.0189578 0.0002551 8.65e-05 7.87e-05 
62370 20 0.018909 0.0002547 8.67e-05 7.91e-05 
62420 20 0.0190978 0.0002399 8.26e-05 7.27e-05 
62470 20 0.018688 0.0002654 8.84e-05 8.12e-05 
62520 20 0.020028 0.0002476 8.26e-05 7.52e-05 
62570 20 0.0188584 0.0002779 9.17e-05 8.42e-05 
62620 20 0.0190229 0.0002297 8e-05 7.16e-05 
62670 20 0.018812 0.0002483 8.38e-05 7.63e-05 
62720 20 0.0190637 0.0002582 9.15e-05 8.14e-05 
62770 20 0.0191553 0.0002715 9e-05 8.13e-05 
62820 20 0.0189142 0.0002524 8.69e-05 7.91e-05 
62870 20 0.0196358 0.0002353 8.54e-05 7.57e-05 
62920 20 0.0190367 0.0002689 8.9e-05 8.04e-05 
62970 20 0.0190896 0.0002411 8.82e-05 7.87e-05 
63020 20 0.0191163 0.0002488 8.97e-05 8.02e-05 
63070 20 0.0191734 0.0002586 9.68e-05 8.78e-05 
63120 20 0.0192603 0.0002445 8.94e-05 8.01e-05 
63170 20 0.0191072 0.0002727 9.23e-05 8.71e-05 
63220 20 0.0191661 0.0002742 9.38e-05 8.22e-05 
63270 20 0.0193237 0.0002575 9.05e-05 8.41e-05 
63320 20 0.0193553 0.0002571 9.27e-05 8.44e-05 
63370 20 0.0189666 0.000257 9.05e-05 8.11e-05 
63420 20 0.0193786 0.0002456 8.75e-05 7.77e-05 
63470 20 0.0201505 0.0002705 9.02e-05 8.18e-05 
63520 20 0.0193842 0.0002598 8.54e-05 7.51e-05 
63570 20 0.0193383 0.0002292 8.51e-05 7.56e-05 
63620 20 0.0192711 0.0002396 8.89e-05 7.72e-05 
63670 20 0.0197036 0.0002737 9.17e-05 8.16e-05 
63720 20 0.0197224 0.0002772 9.6e-05 8.77e-05 
63770 20 0.019609 0.0002494 8.75e-05 7.84e-05 
63820 20 0.0202038 0.0002558 8.55e-05 7.71e-05 
63870 20 0.0193976 0.0002787 9.38e-05 8.57e-05 
63920 20 0.019363 0.0002447 8.48e-05 7.64e-05 
63970 20 0.0193187 0.0002783 8.88e-05 7.95e-05 
64020 20 0.0196186 0.0002586 8.49e-05 7.69e-05 
64070 20 0.019656 0.0002534 9e-05 8.02e-05 
64120 20 0.0194862 0.0002711 9.24e-05 8.38e-05 
64170 20 0.0195249 0.0002586 8.89e-05 7.96e-05 
64220 20 0.0194554 0.0002748 9.24e-05 8.29e-05 
64270 20 0.0194913 0.0002515 8.71e-05 7.75e-05 
64320 20 0.0197352 0.0002673 9.2e-05 8.55e-05 
64370 20 0.019999 0.0002488 8.92e-05 7.99e-05 
64420 20 0.0196939 0.0002501 9.31e-05 8.65e-05 
64470 20 0.0197952 0.0002639 8.88e-05 7.92e-05 
64520 20 0.0200831 0.0002497 9.31e-05 8.3e-05 
64570 20 0.0199135 0.000286 9.75e-05 8.87e-05 
64620 20 0.0196689 0.0002787 9.3e-05 8.5e-05 
64670 20 0.0195982 0.0002554 8.76e-05 8.01e-05 
64720 20 0.0203111 0.0002635 8.94e-05 7.96e-05 
64770 20 0.0197546 0.0002498 8.73e-05 7.59e-05 
64820 20 0.0197199 0.0002656 9.32e-05 8.43e-05 
64870 20 0.0199393 0.0002409 8.62e-05 7.54e-05 
64920 20 0.0200658 0.0002587 8.96e-05 8.01e-05 
64970 20 0.0199183 0.0002513 8.77e-05 7.71e-05 
65020 20 0.0198412 0.0002974 9.29e-05 8.32e-05 
65070 20 0.0200802 0.0002681 9.23e-05 8.53e-05 
65120 20 0.0198742 0.0002707 8.93e-05 7.97e-05 
65170 20 0.019853 0.0002403 8.5e-05 7.7e-05 
65220 20 0.0198825 0.0002605 8.8e-05 7.91e-05 
65270 20 0.0200393 0.000252 8.9e-05 7.95e-05 
65320 20 0.0199947 0.0002321 8.89e-05 7.9e-05 
65370 20 0.0205641 0.0002705 9.25e-05 8.24e-05 
65420 20 0.0201929 0.0002702 9.12e-05 8.37e-05 
65470 20 0.0200673 0.0002684 9.16e-05 8.21e-05 
65520 20 0.0211455 0.0002783 9.62e-05 8.64e-05 
65570 20 0.0202392 0.0002584 8.95e-05 7.97e-05 
65620 20 0.0201209 0.0002855 9.15e-05 8.07e-05 
65670 20 0.020889 0.0002768 9.18e-05 8.49e-05 
65720 20 0.0204744 0.0002415 8.65e-05 7.71e-05 
65770 20 0.0202651 0.000253 9.29e-05 8.42e-05 
65820 20 0.0209093 0.0002712 8.99e-05 8.07e-05 
65870 20 0.0202042 0.0002713 9.09e-05 8.36e-05 
65920 20 0.0202047 0.0002453 8.7e-05 7.89e-05 
65970 20 0.0213358 0.0002812 9.08e-05 8.25e-05 
66020 20 0.0204303 0.0002675 9.06e-05 8.08e-05 
66070 20 0.0204346 0.0002496 8.83e-05 7.81e-05 
66120 20 0.0212589 0.0002337 8.92e-05 7.84e-05 
66170 20 0.0205585 0.0002835 9.86e-05 9.04e-05 
66220 20 0.0206007 0.0002606 8.49e-05 7.6e-05 
66270 20 0.0211759 0.0002719 9.22e-05 8.51e-05 
66320 20 0.0206123 0.0002491 8.68e-05 7.56e-05 
66370 20 0.0204321 0.0002603 9.19e-05 8.35e-05 
66420 20 0.0209538 0.0002797 9.25e-05 8.4e-05 
66470 20 0.0204133 0.0002371 8.83e-05 7.89e-05 
66520 20 0.0206032 0.0002522 8.82e-05 8.12e-05 
66570 20 0.0207571 0.000283 9.15e-05 8.17e-05 
66620 20 0.0206959 0.0002472 8.57e-05 7.63e-05 
66670 20 0.0206812 0.0002455 8.46e-05 7.81e-05 
66720 20 0.0205138 0.0002489 8.78e-05 7.91e-05 
66770 20 0.0210992 0.0002656 9.21e-05 8.45e-05 
66820 20 0.0207762 0.000245 8.83e-05 7.99e-05 
66870 20 0.0209487 0.0002568 8.62e-05 7.86e-05 
66920 20 0.0208125 0.0002693 8.91e-05 8e-05 
66970 20 0.0208635 0.000266 9.22e-05 8.23e-05 
67020 20 0.0208937 0.000251 9.03e-05 8.32e-05 
67070 20 0.0209041 0.0002619 9.23e-05 8.58e-05 
67120 20 0.0214175 0.0002572 8.56e-05 7.99e-05 
67170 20 0.0209538 0.000254 8.9e-05 8.02e-05 
67220 20 0.0206855 0.0002504 8.48e-05 7.6e-05 
67270 20 0.0215201 0.0002473 8.84e-05 7.87e-05 
67320 20 0.021134 0.0002697 8.85e-05 7.94e-05 
67370 20 0.0209429 0.0002625 9.18e-05 8.07e-05 
67420 20 0.0212659 0.0002593 9e-05 8.1e-05 
67470 20 0.0209462 0.0002561 8.95e-05 8.08e-05 
67520 20 0.0211579 0.0002609 9.2e-05 8.34e-05 
67570 20 0.0211232 0.0002503 8.91e-05 7.85e-05 
67620 20 0.0214881 0.0002596 8.52e-05 7.76e-05 
67670 20 0.0213561 0.0002669 9.06e-05 8.06e-05 
67720 20 0.0213315 0.0002496 9.09e-05 8.26e-05 
67770 20 0.0211229 0.0002698 9.03e-05 8.12e-05 
67820 20 0.0211564 0.0002542 9.14e-05 8.11e-05 
67870 20 0.0214569 0.0002596 8.83e-05 8.14e-05 
67920 20 0.0212284 0.0002773 8.83e-05 7.95e-05 
67970 20 0.0215136 0.0002503 8.65e-05 7.59e-05 
68020 20 0.0213954 0.0002751 8.59e-05 7.85e-05 
68070 20 0.0213791 0.0002499 8.61e-05 7.7e-05 
68120 20 0.0212991 0.0002608 8.75e-05 7.88e-05 
68170 20 0.0224302 0.0002614 8.98e-05 8.15e-05 
68220 20 0.0211181 0.0002802 9.01e-05 8.32e-05 
68270 20 0.0211251 0.0002904 9.11e-05 8.27e-05 
68320 20 0.0212056 0.000258 8.9e-05 8.01e-05 
68370 20 0.0216638 0.0002595 8.97e-05 8.04e-05 
68420 20 0.0214315 0.0002581 8.96e-05 7.76e-05 
68470 20 0.0213276 0.0002676 8.73e-05 7.85e-05 
68520 20 0.0212282 0.0002507 8.99e-05 7.99e-05 
68570 20 0.0215778 0.0002537 9.21e-05 8.59e-05 
68620 20 0.0212977 0.000257 9.4e-05 8.53e-05 
68670 20 0.0213258 0.0002761 8.21e-05 7.33e-05 
68720 20 0.0212964 0.0002467 8.86e-05 7.8e-05 
68770 20 0.0214688 0.0002638 8.91e-05 8.03e-05 
68820 20 0.0212841 0.0002535 8.72e-05 7.88e-05 
68870 20 0.021843 0.0002771 9.03e-05 8.22e-05 
68920 20 0.0216556 0.0002414 8.59e-05 7.67e-05 
68970 20 0.0216223 0.0002719 8.74e-05 7.82e-05 
69020 20 0.0216318 0.0002548 9.17e-05 8.4e-05 
69070 20 0.0213721 0.0002406 8.69e-05 7.73e-05 
69120 20 0.0214136 0.0002737 9.05e-05 8.24e-05 
69170 20 0.0225666 0.000271 8.76e-05 7.89e-05 
69220 20 0.0216915 0.0002653 8.81e-05 7.82e-05 
69270 20 0.0217532 0.0002639 9.15e-05 8.52e-05 
69320 20 0.0220356 0.0002652 9.4e-05 8.49e-05 
69370 20 0.0221177 0.0002796 8.77e-05 7.9e-05 
69420 20 0.0218609 0.0002474 9.18e-05 8.42e-05 
69470 20 0.0215767 0.0002634 8.78e-05 7.96e-05 
69520 20 0.0216026 0.0002542 8.92e-05 8.1e-05 
69570 20 0.0219398 0.000284 9.9e-05 8.93e-05 
69620 20 0.0216082 0.0002669 8.99e-05 7.91e-05 
69670 20 0.0217187 0.0003013 9.37e-05 8.58e-05 
69720 20 0.0219034 0.0002578 9.11e-05 8.23e-05 
69770 20 0.0217237 0.0002842 9.26e-05 8.36e-05 
69820 20 0.0219398 0.0002857 9.41e-05 8.46e-05 
69870 20 0.0224531 0.0002714 8.99e-05 8.27e-05 
69920 20 0.0217802 0.0002949 9.65e-05 8.84e-05 
69970 20 0.0217771 0.0002484 8.68e-05 7.89e-05 
70020 20 0.0223763 0.0002718 8.84e-05 7.81e-05 
70070 20 0.0220977 0.0002736 8.71e-05 7.74e-05 
70120 20 0.0226009 0.000278 9.01e-05 8.1e-05 
70170 20 0.0219773 0.0002625 9.06e-05 8.27e-05 
70220 20 0.0221368 0.0002574 8.77e-05 8.01e-05 
70270 20 0.0222698 0.000297 9.21e-05 8.67e-05 
70320 20 0.0219306 0.0002632 9.03e-05 8.15e-05 
70370 20 0.0222716 0.0002465 8.95e-05 8.17e-05 
70420 20 0.0222454 0.0002717 9.72e-05 8.7e-05 
70470 20 0.0222687 0.0002554 9.13e-05 8.1e-05 
70520 20 0.022192 0.0002779 9.25e-05 8.19e-05 
70570 20 0.0221981 0.0002777 8.98e-05 8.03e-05 
70620 20 0.0223108 0.0002872 9.52e-05 8.45e-05 
70670 20 0.022232 0.0002856 9.28e-05 8.63e-05 
70720 20 0.0226439 0.0002606 9.13e-05 8.29e-05 
70770 20 0.0223211 0.0002574 8.86e-05 7.97e-05 
70820 20 0.02258 0.0002535 8.93e-05 8.19e-05 
70870 20 0.0221533 0.0002886 9.42e-05 8.72e-05 
70920 20 0.0221184 0.0002834 9.29e-05 8.44e-05 
70970 20 0.0221204 0.0002718 8.65e-05 7.76e-05 
71020 20 0.0222035 0.0002801 8.87e-05 7.97e-05 
71070 20 0.0224116 0.0002533 9.27e-05 8.4e-05 
71120 20 0.0226861 0.0002662 8.5e-05 7.73e-05 
71170 20 0.0222391 0.0002798 9.77e-05 8.76e-05 
71220 20 0.0222399 0.0002616 8.93e-05 8.26e-05 
71270 20 0.0226748 0.0002513 8.64e-05 7.92e-05 
71320 20 0.0227723 0.0002531 8.87e-05 7.91e-05 
71370 20 0.0227006 0.0002942 9.13e-05 8.29e-05 
71420 20 0.0225104 0.0002741 9.33e-05 8.6e-05 
71470 20 0.0225597 0.0002555 8.99e-05 7.98e-05 
71520 20 0.0223628 0.0002593 8.88e-05 7.98e-05 
71570 20 0.0227497 0.0002769 9.33e-05 8.38e-05 
71620 20 0.0227695 0.0002842 9.39e-05 8.58e-05 
71670 20 0.0227227 0.0002576 9e-05 8.16e-05 
71720 20 0.0227122 0.0002781 8.71e-05 7.76e-05 
71770 20 0.0232114 0.0002391 9.05e-05 8.04e-05 
71820 20 0.0225017 0.0002556 8.97e-05 8.21e-05 
71870 20 0.022666 0.0002649 8.67e-05 7.78e-05 
71920 20 0.0226897 0.0002822 9.04e-05 7.98e-05 
71970 20 0.0229124 0.000266 8.87e-05 7.92e-05 
72020 20 0.0226874 0.0002816 9.28e-05 8.61e-05 
72070 20 0.0233172 0.0002649 9.25e-05 8.2e-05 
72120 20 0.0226537 0.0002662 9.11e-05 8.21e-05 
72170 20 0.0227605 0.0002495 8.63e-05 7.65e-05 
72220 20 0.0228749 0.0002543 8.8e-05 7.68e-05 
72270 20 0.0230672 0.000274 9.14e-05 8.27e-05 
72320 20 0.0230929 0.0002741 9.13e-05 8.25e-05 
72370 20 0.0231273 0.0002522 8.75e-05 7.79e-05 
72420 20 0.0228325 0.0002403 8.68e-05 7.86e-05 
72470 20 0.0228341 0.0002693 8.94e-05 8.13e-05 
72520 20 0.0229094 0.0002479 8.94e-05 8e-05 
72570 20 0.0232717 0.0002697 9.4e-05 8.6e-05 
72620 20 0.0237932 0.0002932 9.65e-05 8.53e-05 
72670 20 0.0231076 0.0002639 8.58e-05 7.7e-05 
72720 20 0.0229236 0.0002408 8.94e-05 7.96e-05 
72770 20 0.0231027 0.0002752 9.28e-05 8.17e-05 
72820 20 0.0233627 0.0002901 9.48e-05 8.79e-05 
72870 20 0.0233964 0.0002626 8.75e-05 7.83e-05 
72920 20 0.0231733 0.0002799 9.23e-05 8.23e-05 
72970 20 0.0233306 0.0002441 8.67e-05 7.57e-05 
73020 20 0.023532 0.0002763 9.34e-05 8.5e-05 
73070 20 0.0232332 0.0002384 8.69e-05 7.92e-05 
73120 20 0.0232503 0.0002749 9.24e-05 8.35e-05 
73170 20 0.0234809 0.0002693 9.1e-05 8.39e-05 
73220 20 0.0230948 0.0002687 9.34e-05 8.4e-05 
73270 20 0.0237554 0.0002848 9.08e-05 8.21e-05 
73320 20 0.023372 0.0002913 9.35e-05 8.79e-05 
73370 20 0.0233282 0.0002646 9.09e-05 8.23e-05 
73420 20 0.0234484 0.0002515 8.51e-05 7.63e-05 
73470 20 0.0236187 0.0002837 9.22e-05 8.43e-05 
73520 20 0.023446 0.0002498 8.89e-05 8.04e-05 
73570 20 0.0235593 0.0002896 8.83e-05 7.95e-05 
73620 20 0.0232627 0.000247 8.48e-05 7.68e-05 
73670 20 0.0242474 0.0002893 9.44e-05 8.72e-05 
73720 20 0.0234938 0.000278 9.35e-05 8.64e-05 
73770 20 0.0238558 0.0002655 8.96e-05 7.91e-05 
73820 20 0.0232606 0.0002582 8.6e-05 7.7e-05 
73870 20 0.0233638 0.0002664 8.71e-05 8.06e-05 
73920 20 0.0236481 0.0002423 8.45e-05 7.63e-05 
73970 20 0.0237467 0.0002548 8.33e-05 7.51e-05 
74020 20 0.0239904 0.000275 9.03e-05 7.95e-05 
74070 20 0.0236915 0.0002816 9.31e-05 8.37e-05 
74120 20 0.0236715 0.0002896 8.85e-05 8.17e-05 
74170 20 0.0238119 0.0002595 8.57e-05 7.95e-05 
74220 20 0.0239676 0.0002656 9.11e-05 8.39e-05 
74270 20 0.0240107 0.0002393 8.72e-05 7.75e-05 
74320 20 0.0238292 0.0002912 9.4e-05 8.69e-05 
74370 20 0.0235342 0.0002608 9.07e-05 8.29e-05 
74420 20 0.0235216 0.0002821 9.44e-05 8.61e-05 
74470 20 0.0236009 0.000273 8.9e-05 8.04e-05 
74520 20 0.0242382 0.0002552 8.44e-05 7.55e-05 
74570 20 0.0240521 0.0002698 9.1e-05 8.44e-05 
74620 20 0.0238983 0.000291 9.17e-05 8.34e-05 
74670 20 0.0237034 0.00026 8.67e-05 7.61e-05 
74720 20 0.0237012 0.0002633 8.98e-05 8.02e-05 
74770 20 0.0236897 0.0002569 9.11e-05 7.97e-05 
74820 20 0.024033 0.0002578 9.07e-05 8.19e-05 
74870 20 0.0241697 0.0002687 8.82e-05 8.05e-05 
74920 20 0.0238357 0.000273 9.24e-05 8.28e-05 
74970 20 0.0240494 0.0002759 9.68e-05 8.72e-05 
75020 20 0.0237904 0.0002799 8.99e-05 8.13e-05 
75070 20 0.0241185 0.0002623 8.77e-05 7.86e-05 
75120 20 0.0243138 0.0002606 8.96e-05 8.3e-05 
75170 20 0.024294 0.0002581 9e-05 8.12e-05 
75220 20 0.0244298 0.0002442 8.57e-05 7.67e-05 
75270 20 0.0244191 0.0003025 0.0001035 9.53e-05 
75320 20 0.0246139 0.0002928 9.87e-05 8.9e-05 
75370 20 0.0246394 0.0002507 8.89e-05 8.28e-05 
75420 20 0.0240929 0.0002667 8.89e-05 8.11e-05 
75470 20 0.0241886 0.0002828 9.06e-05 8.16e-05 
75520 20 0.0239814 0.000281 9.48e-05 8.54e-05 
75570 20 0.0242115 0.0002617 8.94e-05 8.08e-05 
75620 20 0.0244567 0.0002825 9.71e-05 8.79e-05 
75670 20 0.0243589 0.0002731 9.15e-05 8.33e-05 
75720 20 0.0242671 0.0002981 9.32e-05 8.64e-05 
75770 20 0.0245848 0.0002695 8.98e-05 8.19e-05 
75820 20 0.0243995 0.0002561 8.98e-05 8.18e-05 
75870 20 0.0244152 0.0002575 8.48e-05 7.6e-05 
75920 20 0.0242964 0.0002552 8.47e-05 7.54e-05 
75970 20 0.0243764 0.0002866 9.65e-05 8.54e-05 
76020 20 0.0243059 0.0002864 8.94e-05 8.09e-05 
76070 20 0.0243533 0.0002718 9.07e-05 8.32e-05 
76120 20 0.0242734 0.0002555 9.46e-05 8.4e-05 
76170 20 0.0246843 0.0002811 9.01e-05 8.2e-05 
76220 20 0.024735 0.0002796 9.43e-05 8.46e-05 
76270 20 0.0246041 0.0002703 8.42e-05 7.58e-05 
76320 20 0.0248551 0.0002939 9.27e-05 8.54e-05 
76370 20 0.024763 0.0002474 9.55e-05 8.54e-05 
76420 20 0.0246132 0.0002779 9.09e-05 8.07e-05 
76470 20 0.0249773 0.0002483 8.76e-05 7.92e-05 
76520 20 0.0248383 0.000292 9.24e-05 8.43e-05 
76570 20 0.0247902 0.0002678 8.94e-05 7.93e-05 
76620 20 0.0249261 0.0002591 8.67e-05 7.79e-05 
76670 20 0.0247907 0.0002867 9.29e-05 8.31e-05 
76720 20 0.0248637 0.0002779 9.2e-05 8.48e-05 
76770 20 0.0250123 0.0002578 9e-05 7.99e-05 
76820 20 0.0252462 0.000259 9.13e-05 8.24e-05 
76870 20 0.0251509 0.0002762 9.02e-05 8.22e-05 
76920 20 0.0253851 0.0002873 9.26e-05 8.33e-05 
76970 20 0.0252583 0.0002792 9.08e-05 8.15e-05 
77020 20 0.0270341 0.0003109 9.55e-05 8.87e-05 
77070 20 0.0252203 0.0002716 9.09e-05 8.06e-05 
77120 20 0.0248473 0.0002929 9.41e-05 8.7e-05 
77170 20 0.0250647 0.0002792 9.07e-05 8.26e-05 
77220 20 0.0250597 0.0002597 8.93e-05 8.01e-05 
77270 20 0.0250537 0.0002516 8.74e-05 7.77e-05 
77320 20 0.0252459 0.0002476 8.56e-05 7.73e-05 
77370 20 0.0251002 0.0002657 9.42e-05 8.52e-05 
77420 20 0.0250215 0.0002541 8.74e-05 7.75e-05 
77470 20 0.0250357 0.0002703 9e-05 8.16e-05 
77520 20 0.0250669 0.0002767 8.51e-05 7.67e-05 
77570 20 0.0251608 0.0002683 8.72e-05 7.91e-05 
77620 20 0.0251425 0.0002661 9.27e-05 8.33e-05 
77670 20 0.0251432 0.0002631 9.19e-05 8.25e-05 
77720 20 0.025225 0.0002796 9.69e-05 9.32e-05 
77770 20 0.025288 0.0002808 9.09e-05 8.31e-05 
77820 20 0.0253722 0.0002704 9e-05 8.1e-05 
77870 20 0.0251186 0.0002831 8.97e-05 8.08e-05 
77920 20 0.0254608 0.0002562 9.09e-05 8.36e-05 
77970 20 0.0256772 0.0002925 9.9e-05 9.01e-05 
78020 20 0.0256056 0.00025 8.62e-05 7.91e-05 
78070 20 0.0254993 0.0002812 9.2e-05 8.51e-05 
78120 20 0.0254238 0.0002489 8.38e-05 7.6e-05 
78170 20 0.0253607 0.0002723 9.18e-05 8.39e-05 
78220 20 0.0256419 0.0002706 9.12e-05 8.46e-05 
78270 20 0.0254349 0.000271 9.01e-05 8.17e-05 
78320 20 0.0254328 0.0002497 8.75e-05 7.89e-05 
78370 20 0.0256365 0.0002768 8.98e-05 8.15e-05 
78420 20 0.0255121 0.0002981 9.5e-05 8.47e-05 
78470 20 0.0253862 0.0002579 9.15e-05 8.42e-05 
78520 20 0.0257006 0.0002667 8.91e-05 8.09e-05 
78570 20 0.0253585 0.0002604 9.03e-05 8.23e-05 
78620 20 0.0252258 0.0002479 8.43e-05 7.48e-05 
78670 20 0.0253265 0.0002906 9.25e-05 8.35e-05 
78720 20 0.0254105 0.0002381 8.4e-05 7.55e-05 
78770 20 0.0256416 0.000281 9.04e-05 7.89e-05 
78820 20 0.0254576 0.0002766 8.84e-05 7.85e-05 
78870 20 0.0254185 0.0002706 8.96e-05 8.19e-05 
78920 20 0.025431 0.0002606 8.78e-05 7.82e-05 
78970 20 0.0256758 0.0002908 9.29e-05 8.6e-05 
79020 20 0.0256371 0.0002665 9.05e-05 7.89e-05 
79070 20 0.0256043 0.0002559 9.13e-05 8.08e-05 
79120 20 0.0258582 0.0002733 9e-05 8.25e-05 
79170 20 0.0257394 0.0002617 8.74e-05 7.74e-05 
79220 20 0.0258117 0.0002714 8.94e-05 8.31e-05 
79270 20 0.0257315 0.0002753 9.26e-05 8.38e-05 
79320 20 0.0259834 0.0002532 9.23e-05 8.45e-05 
79370 20 0.0255061 0.0002682 9.24e-05 8.2e-05 
79420 20 0.0257763 0.0002721 9.11e-05 8.24e-05 
79470 20 0.0258297 0.0002837 9.58e-05 8.62e-05 
79520 20 0.0257626 0.0002515 9.19e-05 8.16e-05 
79570 20 0.0255919 0.0002436 8.97e-05 8.14e-05 
79620 20 0.0257724 0.0002674 9.09e-05 8.06e-05 
79670 20 0.0257767 0.0002637 8.79e-05 7.99e-05 
79720 20 0.0259292 0.0002626 8.56e-05 7.63e-05 
79770 20 0.0257126 0.0002977 9.5e-05 8.55e-05 
79820 20 0.0260192 0.0002743 9.26e-05 8.47e-05 
79870 20 0.025922 0.0002737 9.28e-05 8.59e-05 
79920 20 0.0265457 0.0002485 8.54e-05 7.94e-05 
79970 20 0.0260692 0.0002673 8.81e-05 7.87e-05 
80020 20 0.0260774 0.0002708 9.12e-05 8.12e-05 
80070 20 0.0261896 0.0002521 8.5e-05 7.54e-05 
80120 20 0.0259933 0.000261 8.88e-05 8.1e-05 
80170 20 0.0258359 0.000254 8.55e-05 7.62e-05 
80220 20 0.0260985 0.0002607 8.91e-05 7.94e-05 
80270 20 0.0258678 0.0002784 9.2e-05 8.58e-05 
80320 20 0.0261277 0.0002578 8.68e-05 7.99e-05 
80370 20 0.0260391 0.0002706 9.45e-05 8.87e-05 
80420 20 0.0262013 0.0002716 9.24e-05 8.36e-05 
80470 20 0.0262214 0.0002739 9.31e-05 8.49e-05 
80520 20 0.0265641 0.0002824 9.2e-05 8.37e-05 
80570 20 0.0262469 0.000258 8.93e-05 8.06e-05 
80620 20 0.0261564 0.0002892 9.58e-05 8.76e-05 
80670 20 0.0262769 0.0002722 8.48e-05 7.39e-05 
80720 20 0.0262223 0.0002726 8.83e-05 8.2e-05 
80770 20 0.0261351 0.0002614 9.06e-05 8.2e-05 
80820 20 0.0263968 0.0002531 8.91e-05 8.03e-05 
80870 20 0.0262046 0.0002402 8.57e-05 7.6e-05 
80920 20 0.0263972 0.0002646 8.94e-05 7.97e-05 
80970 20 0.0264744 0.000271 8.84e-05 8.05e-05 
81020 20 0.0268914 0.0002874 9.16e-05 8.4e-05 
81070 20 0.0264768 0.0002511 8.84e-05 8.06e-05 
81120 20 0.0264552 0.000285 8.85e-05 8.02e-05 
81170 20 0.0263641 0.0002943 9.77e-05 8.89e-05 
81220 20 0.0264781 0.0002547 8.97e-05 8.33e-05 
81270 20 0.0266101 0.0002779 9.18e-05 8.23e-05 
81320 20 0.0263763 0.000266 8.91e-05 7.93e-05 
81370 20 0.0263472 0.0002341 7.96e-05 7.14e-05 
81420 20 0.026733 0.0002628 8.95e-05 7.76e-05 
81470 20 0.0268081 0.0002793 9.14e-05 8.4e-05 
81520 20 0.0265386 0.0002678 8.68e-05 7.73e-05 
81570 20 0.0264538 0.0002698 8.88e-05 8.02e-05 
81620 20 0.0266625 0.0002796 9.68e-05 9.02e-05 
81670 20 0.0267054 0.0002868 9.16e-05 8.19e-05 
81720 20 0.0268461 0.0002777 8.89e-05 7.87e-05 
81770 20 0.0266909 0.0002704 8.96e-05 8.2e-05 
81820 20 0.0270006 0.000258 8.81e-05 8.01e-05 
81870 20 0.0268212 0.0002958 9.13e-05 8.38e-05 
81920 20 0.0267944 0.0002624 8.85e-05 8.17e-05 
81970 20 0.0267102 0.0002336 8.08e-05 7.05e-05 
82020 20 0.0266851 0.0002572 8.78e-05 7.99e-05 
82070 20 0.0267712 0.000269 9.22e-05 8.13e-05 
82120 20 0.0267257 0.0002999 9.95e-05 9.17e-05 
82170 20 0.026867 0.0002747 9.36e-05 8.33e-05 
82220 20 0.0271942 0.000254 8.61e-05 7.6e-05 
82270 20 0.0270048 0.0002942 9.07e-05 8.16e-05 
82320 20 0.0267908 0.0002898 9.6e-05 8.52e-05 
82370 20 0.0271433 0.000274 8.61e-05 7.75e-05 
82420 20 0.0267989 0.0002629 8.71e-05 7.83e-05 
82470 20 0.0268402 0.0003041 9.52e-05 8.72e-05 
82520 20 0.0279007 0.0002796 9.52e-05 8.7e-05 
82570 20 0.0270475 0.0002768 9.03e-05 8.17e-05 
82620 20 0.0269178 0.0002514 8.52e-05 7.7e-05 
82670 20 0.0271208 0.0002572 8.37e-05 7.26e-05 
82720 20 0.0268734 0.0002778 9.4e-05 8.74e-05 
82770 20 0.0268984 0.0002557 8.57e-05 7.77e-05 
82820 20 0.0270485 0.0002478 8.67e-05 7.76e-05 
82870 20 0.0276238 0.0002685 9.03e-05 8.23e-05 
82920 20 0.0270864 0.0002896 9.09e-05 8.34e-05 
82970 20 0.0271327 0.0002649 8.9e-05 8.07e-05 
83020 20 0.0271166 0.000265 9.14e-05 8.39e-05 
83070 20 0.0272434 0.0002515 9.02e-05 8.12e-05 
83120 20 0.0279336 0.0002781 9.45e-05 8.58e-05 
83170 20 0.0272672 0.0002386 8.39e-05 7.57e-05 
83220 20 0.0272457 0.0002589 8.7e-05 7.83e-05 
83270 20 0.0271058 0.000285 9.31e-05 8.46e-05 
83320 20 0.027332 0.0002822 9.21e-05 8.39e-05 
83370 20 0.0273071 0.0002815 9.22e-05 8.36e-05 
83420 20 0.0274099 0.000266 8.92e-05 8.07e-05 
83470 20 0.0276404 0.0002497 8.67e-05 7.88e-05 
83520 20 0.0273216 0.0002457 8.44e-05 7.43e-05 
83570 20 0.0274108 0.0002734 9.17e-05 8.45e-05 
83620 20 0.0274846 0.0002671 8.61e-05 7.72e-05 
83670 20 0.0275451 0.0002649 9.25e-05 8.56e-05 
83720 20 0.0277384 0.0002661 8.56e-05 7.79e-05 
83770 20 0.0273983 0.0002673 8.82e-05 7.92e-05 
83820 20 0.0273989 0.0002786 9.13e-05 8.22e-05 
83870 20 0.027686 0.0002558 8.9e-05 8.2e-05 
83920 20 0.0277673 0.00028 9.35e-05 8.46e-05 
83970 20 0.027763 0.0002687 8.94e-05 8.15e-05 
84020 20 0.0279088 0.0002849 9.19e-05 8e-05 
84070 20 0.0274773 0.0002768 8.88e-05 7.92e-05 
84120 20 0.0276773 0.0002868 9.09e-05 8.35e-05 
84170 20 0.0274991 0.0002556 8.93e-05 8.09e-05 
84220 20 0.0279422 0.0002728 9.27e-05 8.39e-05 
84270 20 0.0277047 0.0002462 8.62e-05 7.7e-05 
84320 20 0.0276576 0.0002707 9.29e-05 8.41e-05 
84370 20 0.0277296 0.0002769 9.34e-05 8.65e-05 
84420 20 0.0275235 0.0002605 9.39e-05 8.55e-05 
84470 20 0.0280197 0.0002811 9.55e-05 8.8e-05 
84520 20 0.027824 0.0002748 9.11e-05 8.24e-05 
84570 20 0.0277622 0.0002797 9.49e-05 8.57e-05 
84620 20 0.0281877 0.000303 9.25e-05 8.41e-05 
84670 20 0.0276794 0.0002596 8.91e-05 8.02e-05 
84720 20 0.0280024 0.0002611 9.43e-05 8.69e-05 
84770 20 0.0281996 0.0002605 9.2e-05 8.2e-05 
84820 20 0.027793 0.0002826 8.6e-05 7.63e-05 
84870 20 0.0282547 0.0002643 8.82e-05 7.7e-05 
84920 20 0.0282196 0.0002647 9.02e-05 8.08e-05 
84970 20 0.0278945 0.0002933 9.52e-05 8.71e-05 
85020 20 0.0280006 0.0002803 8.7e-05 8.06e-05 
85070 20 0.0278118 0.0002584 8.55e-05 7.64e-05 
85120 20 0.0283602 0.0002628 8.98e-05 8.18e-05 
85170 20 0.0281202 0.0002769 9.53e-05 8.31e-05 
85220 20 0.0279373 0.0002602 8.72e-05 7.78e-05 
85270 20 0.028168 0.0002807 9.22e-05 8.14e-05 
85320 20 0.027976 0.0002539 9.07e-05 8.35e-05 
85370 20 0.0283339 0.0003008 9.34e-05 8.49e-05 
85420 20 0.0280559 0.0002799 8.56e-05 7.65e-05 
85470 20 0.028047 0.0002792 9.08e-05 8.04e-05 
85520 20 0.0282007 0.0002452 8.78e-05 7.79e-05 
85570 20 0.0282285 0.0002706 8.98e-05 8.15e-05 
85620 20 0.0283528 0.0002457 8.83e-05 8.14e-05 
85670 20 0.0283037 0.0002735 8.99e-05 8.05e-05 
85720 20 0.0290157 0.0002925 9.89e-05 9.17e-05 
85770 20 0.0283016 0.0002904 9.53e-05 8.7e-05 
85820 20 0.0281574 0.0002805 9.16e-05 8.29e-05 
85870 20 0.0287284 0.0003211 9.77e-05 8.93e-05 
85920 20 0.0285867 0.0002958 9.92e-05 8.76e-05 
85970 20 0.0284967 0.0002872 9.35e-05 8.58e-05 
86020 20 0.0282771 0.0002735 9.11e-05 8.17e-05 
86070 20 0.0282995 0.0002634 8.91e-05 7.88e-05 
86120 20 0.0284133 0.000279 9.19e-05 8.38e-05 
86170 20 0.0286793 0.0002671 9.09e-05 8.41e-05 
86220 20 0.0283563 0.0002576 9.37e-05 8.47e-05 
86270 20 0.0286875 0.00027 9.38e-05 8.55e-05 
86320 20 0.0283618 0.0002824 9.05e-05 8.13e-05 
86370 20 0.0289594 0.0002809 9.28e-05 8.23e-05 
86420 20 0.0289472 0.0002598 9.3e-05 8.27e-05 
86470 20 0.0286207 0.0002814 9.07e-05 8.26e-05 
86520 20 0.0284292 0.000276 9.1e-05 8.3e-05 
86570 20 0.0288999 0.0002573 8.85e-05 8.16e-05 
86620 20 0.0286504 0.0002725 9.53e-05 8.41e-05 
86670 20 0.0285808 0.000258 9.37e-05 8.54e-05 
86720 20 0.0287743 0.0002746 9.18e-05 8.32e-05 
86770 20 0.0285844 0.0002769 9.36e-05 8.48e-05 
86820 20 0.0285047 0.000283 9.43e-05 8.49e-05 
86870 20 0.028729 0.0003079 9.48e-05 8.66e-05 
86920 20 0.0295423 0.0002715 8.95e-05 7.95e-05 
86970 20 0.028813 0.0002653 8.82e-05 8.08e-05 
87020 20 0.0289052 0.0002946 9.55e-05 8.62e-05 
87070 20 0.0289838 0.0002971 9.85e-05 8.72e-05 
87120 20 0.0288488 0.0002641 8.35e-05 7.43e-05 
87170 20 0.0289368 0.0002698 8.98e-05 8e-05 
87220 20 0.0289142 0.0002581 8.93e-05 8.04e-05 
87270 20 0.0291912 0.0002772 9.43e-05 8.56e-05 
87320 20 0.0286905 0.0002472 9.2e-05 8.21e-05 
87370 20 0.0295506 0.0002707 9.31e-05 8.49e-05 
87420 20 0.0291826 0.0002704 9.41e-05 8.6e-05 
87470 20 0.028978 0.0002783 9.61e-05 8.63e-05 
87520 20 0.0288972 0.0002633 8.89e-05 8.08e-05 
87570 20 0.0290967 0.0003013 9.66e-05 8.91e-05 
87620 20 0.0290503 0.0002441 8.5e-05 7.94e-05 
87670 20 0.0293523 0.0002937 9.57e-05 8.47e-05 
87720 20 0.0290978 0.000298 9.44e-05 8.58e-05 
87770 20 0.0293006 0.0002834 9.21e-05 8.34e-05 
87820 20 0.0289899 0.0002708 9.35e-05 8.65e-05 
87870 20 0.0289812 0.0002933 9.79e-05 8.92e-05 
87920 20 0.0295702 0.0002646 9.25e-05 8.72e-05 
87970 20 0.0292586 0.0002541 8.82e-05 8.12e-05 
88020 20 0.0297753 0.0002931 9.51e-05 8.57e-05 
88070 20 0.0292812 0.0002562 8.88e-05 7.83e-05 
88120 20 0.0291523 0.0002544 9.17e-05 8.28e-05 
88170 20 0.0292631 0.0002618 8.88e-05 8.16e-05 
88220 20 0.0294412 0.0002717 8.95e-05 8.01e-05 
88270 20 0.0290483 0.0002793 9.74e-05 8.72e-05 
88320 20 0.029769 0.0002833 9.73e-05 9.08e-05 
88370 20 0.0294528 0.0002556 9.13e-05 8.25e-05 
88420 20 0.0293121 0.0002769 8.69e-05 8.08e-05 
88470 20 0.0294785 0.0002597 9.03e-05 8.14e-05 
88520 20 0.0295134 0.0002805 9.42e-05 7.97e-05 
88570 20 0.0292112 0.0002715 8.84e-05 7.95e-05 
88620 20 0.029193 0.0002807 9.09e-05 8.24e-05 
88670 20 0.0300821 0.0002617 8.95e-05 8.24e-05 
88720 20 0.0295742 0.0002805 9.19e-05 8.22e-05 
88770 20 0.0299128 0.0002617 9.32e-05 8.39e-05 
88820 20 0.029578 0.0002669 8.78e-05 7.67e-05 
88870 20 0.0294124 0.0002709 9.27e-05 8.24e-05 
88920 20 0.0295248 0.0002677 8.79e-05 7.59e-05 
88970 20 0.0299008 0.0002925 8.85e-05 8.06e-05 
89020 20 0.0294949 0.0002519 8.91e-05 8.18e-05 
89070 20 0.030175 0.0002916 9.82e-05 8.74e-05 
89120 20 0.0298219 0.0002661 9.05e-05 7.97e-05 
89170 20 0.0294385 0.0002462 8.48e-05 7.51e-05 
89220 20 0.0296063 0.0002721 8.89e-05 8.13e-05 
89270 20 0.0298861 0.0002788 9.49e-05 8.52e-05 
89320 20 0.029589 0.0002627 8.67e-05 7.71e-05 
89370 20 0.0296228 0.000253 9.51e-05 8.6e-05 
89420 20 0.0301694 0.000276 9.34e-05 8.33e-05 
89470 20 0.0298662 0.0002749 9.55e-05 8.34e-05 
89520 20 0.0296595 0.0002652 9.21e-05 8.29e-05 
89570 20 0.0299995 0.0002932 9.51e-05 8.67e-05 
89620 20 0.029953 0.0002847 9.43e-05 8.56e-05 
89670 20 0.0299929 0.0002829 9.38e-05 8.71e-05 
89720 20 0.0297551 0.000269 9.7e-05 8.82e-05 
89770 20 0.02977 0.0002674 9.49e-05 8.61e-05 
89820 20 0.0300852 0.0002672 9.72e-05 8.71e-05 
89870 20 0.0302707 0.0002996 9.28e-05 8.49e-05 
89920 20 0.0298994 0.0002892 9.82e-05 8.86e-05 
89970 20 0.0301356 0.0002799 9.37e-05 8.33e-05 
90020 20 0.0301354 0.0002891 9.38e-05 8.4e-05 
90070 20 0.0299148 0.0002646 9.1e-05 8.15e-05 
90120 20 0.02996 0.0002725 9.3e-05 8.37e-05 
90170 20 0.0300131 0.0002903 9.47e-05 8.6e-05 
90220 20 0.0302446 0.0002648 8.9e-05 7.99e-05 
90270 20 0.0300458 0.0002891 9.65e-05 8.9e-05 
90320 20 0.0299354 0.0002776 9.24e-05 8.37e-05 
90370 20 0.0308104 0.0002904 9.85e-05 9.13e-05 
90420 20 0.0304966 0.0002878 9.33e-05 8.57e-05 
90470 20 0.0308337 0.000281 9.38e-05 8.62e-05 
90520 20 0.0307282 0.0002752 9.55e-05 8.59e-05 
90570 20 0.0300328 0.000283 9.16e-05 8.15e-05 
90620 20 0.0304423 0.0002567 8.77e-05 7.83e-05 
90670 20 0.0304915 0.0002852 9.61e-05 8.59e-05 
90720 20 0.0305292 0.0002811 9.09e-05 8.09e-05 
90770 20 0.0303213 0.0002705 8.96e-05 7.93e-05 
90820 20 0.0302321 0.0002772 9.31e-05 8.2e-05 
90870 20 0.0305124 0.000266 8.75e-05 7.74e-05 
90920 20 0.0303066 0.0002948 9.64e-05 8.72e-05 
90970 20 0.0305808 0.0002583 9.22e-05 8.4e-05 
91020 20 0.0303622 0.0002623 8.94e-05 7.8e-05 
91070 20 0.0303633 0.0002847 9.26e-05 8.35e-05 
91120 20 0.0306486 0.0002654 9.31e-05 8.19e-05 
91170 20 0.030502 0.0002594 8.65e-05 7.86e-05 
91220 20 0.0306906 0.0002538 9.13e-05 8.2e-05 
91270 20 0.030624 0.0002678 9.24e-05 8.31e-05 
91320 20 0.0303632 0.0002488 9.54e-05 8.46e-05 
91370 20 0.0305072 0.0002954 9.28e-05 8.61e-05 
91420 20 0.0304735 0.0002666 8.88e-05 8e-05 
91470 20 0.0306831 0.000255 8.33e-05 7.43e-05 
91520 20 0.0305593 0.0002901 9.39e-05 8.44e-05 
91570 20 0.0307913 0.0002524 8.79e-05 7.83e-05 
91620 20 0.0306219 0.0002834 9.46e-05 8.61e-05 
91670 20 0.0307107 0.0002804 8.93e-05 8.35e-05 
91720 20 0.030746 0.0003088 9.92e-05 8.96e-05 
91770 20 0.0305894 0.0002773 9.29e-05 8.52e-05 
91820 20 0.0310217 0.0002985 9.43e-05 8.36e-05 
91870 20 0.0307674 0.0002941 9.53e-05 8.81e-05 
91920 20 0.030819 0.0002739 8.71e-05 7.74e-05 
91970 20 0.0308032 0.0002662 8.74e-05 7.78e-05 
92020 20 0.0307151 0.0002591 8.89e-05 8.02e-05 
92070 20 0.030718 0.0002696 9.01e-05 8.11e-05 
92120 20 0.0310663 0.0002708 9.34e-05 8.26e-05 
92170 20 0.031001 0.0002624 9.18e-05 8.36e-05 
92220 20 0.0313352 0.0002491 8.58e-05 7.84e-05 
92270 20 0.0310764 0.0002824 9.46e-05 8.37e-05 
92320 20 0.0313741 0.00027 9.1e-05 8.36e-05 
92370 20 0.030829 0.0002689 8.99e-05 8.15e-05 
92420 20 0.0316695 0.0002833 9.13e-05 8.34e-05 
92470 20 0.0311958 0.0002665 9.23e-05 8.25e-05 
92520 20 0.0310883 0.0002911 9.24e-05 8.43e-05 
92570 20 0.0310797 0.0002803 9.41e-05 8.36e-05 
92620 20 0.0311203 0.0002641 9.02e-05 8.03e-05 
92670 20 0.031257 0.0002827 9.3e-05 8.28e-05 
92720 20 0.0318479 0.0002797 9.38e-05 8.34e-05 
92770 20 0.0311945 0.0002613 9.08e-05 8.08e-05 
92820 20 0.031082 0.0002956 9.37e-05 8.41e-05 
92870 20 0.0311241 0.0002713 9.66e-05 8.68e-05 
92920 20 0.0313901 0.0002762 9.1e-05 8.24e-05 
92970 20 0.0313421 0.0002674 9e-05 7.95e-05 
93020 20 0.0310815 0.0002693 9.29e-05 8.27e-05 
93070 20 0.03139 0.0002792 8.98e-05 8.03e-05 
93120 20 0.0312365 0.0002717 9.03e-05 8.47e-05 
93170 20 0.0315331 0.0002797 9.22e-05 8.22e-05 
93220 20 0.0314822 0.0002951 9.33e-05 8.33e-05 
93270 20 0.0315621 0.0002984 9.85e-05 8.91e-05 
93320 20 0.031379 0.0002721 9e-05 8.1e-05 
93370 20 0.0314698 0.0002779 9.24e-05 8.22e-05 
93420 20 0.0316052 0.0002697 8.74e-05 7.9e-05 
93470 20 0.0314994 0.0002679 8.96e-05 8.18e-05 
93520 20 0.0314784 0.0002581 9.46e-05 8.4e-05 
93570 20 0.0313464 0.0002653 9.06e-05 8.05e-05 
93620 20 0.0317855 0.000276 9.55e-05 8.58e-05 
93670 20 0.0317303 0.000295 9.48e-05 8.59e-05 
93720 20 0.0319446 0.0002825 9.48e-05 8.33e-05 
93770 20 0.0313567 0.0002816 9.23e-05 8.39e-05 
93820 20 0.0331279 0.0002987 9.3e-05 8.34e-05 
93870 20 0.0318549 0.0002802 9.27e-05 8.32e-05 
93920 20 0.0319966 0.0002967 9.04e-05 8.15e-05 
93970 20 0.0317485 0.0002669 9.23e-05 8.2e-05 
94020 20 0.0319221 0.0002871 9.64e-05 8.53e-05 
94070 20 0.0320761 0.000292 9.31e-05 8.4e-05 
94120 20 0.0324753 0.0002769 9.63e-05 8.75e-05 
94170 20 0.0322112 0.0002839 9.37e-05 8.5e-05 
94220 20 0.0325842 0.0002494 8.93e-05 8.08e-05 
94270 20 0.032257 0.0002862 9.8e-05 8.85e-05 
94320 20 0.0325524 0.0002642 9.03e-05 8.03e-05 
94370 20 0.0324025 0.0002768 9.41e-05 8.54e-05 
94420 20 0.0325605 0.0003157 0.0001026 9.38e-05 
94470 20 0.0324429 0.0002768 9.34e-05 8.28e-05 
94520 20 0.0326192 0.0002566 8.86e-05 7.87e-05 
94570 20 0.0319069 0.0002754 9.63e-05 8.68e-05 
94620 20 0.0326216 0.0002807 9.28e-05 8.38e-05 
94670 20 0.0326864 0.0002749 8.77e-05 7.81e-05 
94720 20 0.0322667 0.0003 9.18e-05 8.28e-05 
94770 20 0.0325143 0.0002748 9.21e-05 8.33e-05 
94820 20 0.0325321 0.000271 9.26e-05 8.32e-05 
94870 20 0.0323879 0.0002575 8.88e-05 8.06e-05 
94920 20 0.032683 0.0002949 9.26e-05 8.46e-05 
94970 20 0.0323784 0.0002609 8.78e-05 7.84e-05 
95020 20 0.0320507 0.000301 9.8e-05 8.9e-05 
95070 20 0.0321998 0.0003061 9.48e-05 8.46e-05 
95120 20 0.0326911 0.0002742 9.2e-05 8.3e-05 
95170 20 0.0329637 0.0002896 9.08e-05 8.37e-05 
95220 20 0.0328156 0.0002987 0.000102 9.22e-05 
95270 20 0.0323614 0.0002981 9.89e-05 9e-05 
95320 20 0.0326503 0.000281 9.19e-05 8.37e-05 
95370 20 0.0328761 0.0003072 9.54e-05 8.72e-05 
95420 20 0.0324829 0.0003025 9.74e-05 8.95e-05 
95470 20 0.032604 0.0002894 9.3e-05 8.35e-05 
95520 20 0.0326791 0.0002938 9.03e-05 8.14e-05 
95570 20 0.0328634 0.0002763 9.21e-05 8.29e-05 
95620 20 0.0324165 0.0002843 9.5e-05 8.74e-05 
95670 20 0.0328193 0.0002872 9.1e-05 8.08e-05 
95720 20 0.0322666 0.0002648 9.22e-05 8.34e-05 
95770 20 0.032571 0.0002932 9.43e-05 8.29e-05 
95820 20 0.0325234 0.0002683 9.3e-05 8.63e-05 
95870 20 0.0324774 0.0002784 9.76e-05 8.79e-05 
95920 20 0.0337693 0.0002626 8.92e-05 8.21e-05 
95970 20 0.0325025 0.0002743 9.31e-05 8.27e-05 
96020 20 0.0332154 0.0002749 9.29e-05 8.3e-05 
96070 20 0.0330296 0.000271 8.91e-05 7.98e-05 
96120 20 0.0328771 0.0002611 9.42e-05 8.36e-05 
96170 20 0.0324717 0.0002632 9.51e-05 8.33e-05 
96220 20 0.0325894 0.0002641 9.51e-05 8.44e-05 
96270 20 0.0328106 0.0002763 8.99e-05 8.19e-05 
96320 20 0.03325 0.0002828 9.39e-05 8.73e-05 
96370 20 0.0335723 0.0002811 9.53e-05 8.4e-05 
96420 20 0.0330941 0.0003003 9.31e-05 8.57e-05 
96470 20 0.0333966 0.0002996 9.39e-05 8.54e-05 
96520 20 0.0331203 0.0002644 9.37e-05 8.28e-05 
96570 20 0.0330909 0.0002943 9.76e-05 8.74e-05 
96620 20 0.033173 0.0002714 9.03e-05 8.16e-05 
96670 20 0.033075 0.000292 9.95e-05 9.06e-05 
96720 20 0.0328316 0.0002743 9.66e-05 8.59e-05 
96770 20 0.0327751 0.0003027 9.36e-05 8.39e-05 
96820 20 0.0332764 0.0002854 9.49e-05 8.83e-05 
96870 20 0.0330479 0.0002853 9.65e-05 8.93e-05 
96920 20 0.0329739 0.0002976 9.91e-05 9.09e-05 
96970 20 0.0335985 0.0002786 9.29e-05 8.35e-05 
97020 20 0.0330526 0.0002614 8.67e-05 7.91e-05 
97070 20 0.0338705 0.0002734 8.95e-05 8.14e-05 
97120 20 0.0336122 0.0002756 8.97e-05 8.31e-05 
97170 20 0.0331804 0.0003075 9.43e-05 8.4e-05 
97220 20 0.0335362 0.0002803 9.55e-05 8.91e-05 
97270 20 0.0334268 0.0002656 9.26e-05 7.83e-05 
97320 20 0.0336419 0.0002847 9.02e-05 8.21e-05 
97370 20 0.0334451 0.0002888 9.16e-05 8.33e-05 
97420 20 0.0337778 0.000287 9.32e-05 8.39e-05 
97470 20 0.0336807 0.0003 9.16e-05 8.22e-05 
97520 20 0.03359 0.000287 9.32e-05 8.44e-05 
97570 20 0.0342205 0.0002704 9.52e-05 8.43e-05 
97620 20 0.0336458 0.000273 9.41e-05 8.65e-05 
97670 20 0.0339502 0.0002998 9.31e-05 8.43e-05 
97720 20 0.0338426 0.0002908 9.46e-05 8.78e-05 
97770 20 0.034034 0.0002931 9.62e-05 8.55e-05 
97820 20 0.0339611 0.0002641 9.02e-05 8.11e-05 
97870 20 0.0338724 0.000278 9.14e-05 8.35e-05 
97920 20 0.033899 0.000286 9.52e-05 8.77e-05 
97970 20 0.0339177 0.000293 9.58e-05 8.41e-05 
98020 20 0.0335053 0.0002681 9.45e-05 8.45e-05 
98070 20 0.0342488 0.0002799 9.07e-05 8.33e-05 
98120 20 0.0339002 0.0002677 9.28e-05 8.4e-05 
98170 20 0.0339213 0.0003004 9.86e-05 8.88e-05 
98220 20 0.0345263 0.0003114 0.0001009 9.24e-05 
98270 20 0.0336932 0.0002841 9.63e-05 9.02e-05 
98320 20 0.0344541 0.0002676 8.71e-05 8.17e-05 
98370 20 0.0339517 0.0003014 9.18e-05 8.17e-05 
98420 20 0.0340451 0.0002471 8.69e-05 7.54e-05 
98470 20 0.0343994 0.0002665 8.75e-05 7.62e-05 
98520 20 0.0343523 0.0002878 8.99e-05 7.97e-05 
98570 20 0.0335264 0.0002828 9.51e-05 8.57e-05 
98620 20 0.0347498 0.0002867 9.01e-05 8.19e-05 
98670 20 0.0335249 0.0003092 9.66e-05 8.71e-05 
98720 20 0.0346924 0.0002826 8.96e-05 8.24e-05 
98770 20 0.0343528 0.0002797 9.61e-05 8.74e-05 
98820 20 0.0341542 0.0002472 9.37e-05 8.37e-05 
98870 20 0.0344592 0.0002808 9.78e-05 8.82e-05 
98920 20 0.0344488 0.0002794 9.41e-05 8.63e-05 
98970 20 0.0344353 0.0002818 8.81e-05 7.86e-05 
99020 20 0.0339378 0.0002839 9.41e-05 8.51e-05 
99070 20 0.0339893 0.0002591 8.54e-05 7.58e-05 
99120 20 0.0343991 0.0003062 9.81e-05 8.96e-05 
99170 20 0.034681 0.0003159 9.45e-05 8.63e-05 
99220 20 0.0343618 0.0002755 9.54e-05 8.57e-05 
99270 20 0.0338715 0.0002886 9.73e-05 8.97e-05 
99320 20 0.0345961 0.0002895 9.78e-05 8.89e-05 
99370 20 0.0347867 0.0002837 9.12e-05 8.15e-05 
99420 20 0.0345981 0.000304 9.8e-05 8.91e-05 
99470 20 0.0347904 0.0002931 9.76e-05 8.82e-05 
99520 20 0.0338552 0.0003062 9.48e-05 8.56e-05 
99570 20 0.0348785 0.0003007 9.66e-05 8.67e-05 
99620 20 0.0345071 0.0002954 9.77e-05 9.15e-05 
99670 20 0.0346687 0.0003074 9.91e-05 9.1e-05 
99720 20 0.0346839 0.0002787 9.42e-05 8.37e-05 
99770 20 0.0347218 0.0002965 9.44e-05 8.61e-05 
99820 20 0.0351097 0.0002836 8.73e-05 7.86e-05 
99870 20 0.0344048 0.000278 8.99e-05 7.81e-05 
99920 20 0.0349357 0.0002645 9.13e-05 8.18e-05 
99970 20 0.0344115 0.0002759 9.09e-05 7.91e-05 
